node,degree_x,degree_y,degree_increase,degree_prob_x
2,2,3,1,0.0002042483660130719
5,6,8,2,0.0006127450980392157
6,4,5,1,0.0004084967320261438
7,1,1,0,0.00010212418300653595
9,3,6,3,0.00030637254901960784
12,3,5,2,0.00030637254901960784
14,8,18,10,0.0008169934640522876
15,4,4,0,0.0004084967320261438
18,3,5,2,0.00030637254901960784
19,26,31,5,0.0026552287581699347
20,4,5,1,0.0004084967320261438
22,4,4,0,0.0004084967320261438
23,4,5,1,0.0004084967320261438
24,9,10,1,0.0009191176470588235
25,4,5,1,0.0004084967320261438
26,5,11,6,0.0005106209150326798
27,1,7,6,0.00010212418300653595
29,4,6,2,0.0004084967320261438
30,1,6,5,0.00010212418300653595
31,1,2,1,0.00010212418300653595
32,2,2,0,0.0002042483660130719
33,3,4,1,0.00030637254901960784
35,4,5,1,0.0004084967320261438
36,2,3,1,0.0002042483660130719
38,3,4,1,0.00030637254901960784
39,6,9,3,0.0006127450980392157
41,2,4,2,0.0002042483660130719
42,1,1,0,0.00010212418300653595
43,1,1,0,0.00010212418300653595
44,1,1,0,0.00010212418300653595
45,5,5,0,0.0005106209150326798
46,1,1,0,0.00010212418300653595
47,3,3,0,0.00030637254901960784
48,4,4,0,0.0004084967320261438
49,4,4,0,0.0004084967320261438
50,3,3,0,0.00030637254901960784
51,3,3,0,0.00030637254901960784
52,2,2,0,0.0002042483660130719
53,17,20,3,0.001736111111111111
54,4,4,0,0.0004084967320261438
60,5,13,8,0.0005106209150326798
61,4,6,2,0.0004084967320261438
64,3,4,1,0.00030637254901960784
65,4,4,0,0.0004084967320261438
66,4,4,0,0.0004084967320261438
67,4,6,2,0.0004084967320261438
68,4,4,0,0.0004084967320261438
69,4,4,0,0.0004084967320261438
70,4,4,0,0.0004084967320261438
71,3,3,0,0.00030637254901960784
72,11,11,0,0.0011233660130718953
73,4,4,0,0.0004084967320261438
74,4,4,0,0.0004084967320261438
75,12,12,0,0.0012254901960784314
76,3,3,0,0.00030637254901960784
77,3,3,0,0.00030637254901960784
78,3,3,0,0.00030637254901960784
79,1,1,0,0.00010212418300653595
80,2,2,0,0.0002042483660130719
81,1,1,0,0.00010212418300653595
82,3,3,0,0.00030637254901960784
83,1,1,0,0.00010212418300653595
85,7,7,0,0.0007148692810457516
86,8,8,0,0.0008169934640522876
87,8,8,0,0.0008169934640522876
92,2,2,0,0.0002042483660130719
93,2,2,0,0.0002042483660130719
94,2,5,3,0.0002042483660130719
95,1,1,0,0.00010212418300653595
96,5,6,1,0.0005106209150326798
97,1,1,0,0.00010212418300653595
98,2,2,0,0.0002042483660130719
99,2,2,0,0.0002042483660130719
100,2,2,0,0.0002042483660130719
101,8,10,2,0.0008169934640522876
102,3,3,0,0.00030637254901960784
103,4,4,0,0.0004084967320261438
104,2,2,0,0.0002042483660130719
107,1,1,0,0.00010212418300653595
108,3,3,0,0.00030637254901960784
109,6,6,0,0.0006127450980392157
110,1,1,0,0.00010212418300653595
111,2,2,0,0.0002042483660130719
112,10,15,5,0.0010212418300653595
113,1,1,0,0.00010212418300653595
114,2,2,0,0.0002042483660130719
115,2,3,1,0.0002042483660130719
116,1,1,0,0.00010212418300653595
117,1,2,1,0.00010212418300653595
118,5,5,0,0.0005106209150326798
119,5,5,0,0.0005106209150326798
120,5,5,0,0.0005106209150326798
121,4,4,0,0.0004084967320261438
122,2,2,0,0.0002042483660130719
123,1,1,0,0.00010212418300653595
124,1,1,0,0.00010212418300653595
125,2,2,0,0.0002042483660130719
126,2,2,0,0.0002042483660130719
127,4,4,0,0.0004084967320261438
128,4,4,0,0.0004084967320261438
129,13,13,0,0.0013276143790849674
130,2,2,0,0.0002042483660130719
131,2,2,0,0.0002042483660130719
132,2,2,0,0.0002042483660130719
133,4,4,0,0.0004084967320261438
134,5,5,0,0.0005106209150326798
135,2,2,0,0.0002042483660130719
136,8,8,0,0.0008169934640522876
137,3,3,0,0.00030637254901960784
138,1,1,0,0.00010212418300653595
139,3,3,0,0.00030637254901960784
140,1,1,0,0.00010212418300653595
141,3,4,1,0.00030637254901960784
148,1,1,0,0.00010212418300653595
149,1,1,0,0.00010212418300653595
150,4,4,0,0.0004084967320261438
151,1,1,0,0.00010212418300653595
152,5,5,0,0.0005106209150326798
153,4,4,0,0.0004084967320261438
154,1,1,0,0.00010212418300653595
155,3,3,0,0.00030637254901960784
156,4,4,0,0.0004084967320261438
157,1,2,1,0.00010212418300653595
158,1,1,0,0.00010212418300653595
165,5,11,6,0.0005106209150326798
166,1,1,0,0.00010212418300653595
167,4,4,0,0.0004084967320261438
168,2,2,0,0.0002042483660130719
169,3,3,0,0.00030637254901960784
172,1,1,0,0.00010212418300653595
176,17,23,6,0.001736111111111111
177,1,1,0,0.00010212418300653595
178,1,1,0,0.00010212418300653595
179,1,1,0,0.00010212418300653595
180,2,2,0,0.0002042483660130719
181,2,2,0,0.0002042483660130719
182,1,1,0,0.00010212418300653595
183,2,2,0,0.0002042483660130719
184,2,2,0,0.0002042483660130719
185,11,20,9,0.0011233660130718953
186,9,10,1,0.0009191176470588235
188,4,5,1,0.0004084967320261438
189,3,3,0,0.00030637254901960784
190,6,6,0,0.0006127450980392157
191,4,28,24,0.0004084967320261438
192,3,3,0,0.00030637254901960784
193,8,8,0,0.0008169934640522876
194,4,6,2,0.0004084967320261438
195,1,1,0,0.00010212418300653595
196,2,2,0,0.0002042483660130719
197,1,1,0,0.00010212418300653595
198,15,15,0,0.0015318627450980392
199,21,22,1,0.002144607843137255
200,11,11,0,0.0011233660130718953
201,2,2,0,0.0002042483660130719
202,2,2,0,0.0002042483660130719
203,2,2,0,0.0002042483660130719
204,10,11,1,0.0010212418300653595
205,1,5,4,0.00010212418300653595
206,4,7,3,0.0004084967320261438
207,3,9,6,0.00030637254901960784
208,4,4,0,0.0004084967320261438
210,7,14,7,0.0007148692810457516
213,10,13,3,0.0010212418300653595
214,1,1,0,0.00010212418300653595
215,3,4,1,0.00030637254901960784
217,4,4,0,0.0004084967320261438
218,7,7,0,0.0007148692810457516
219,7,7,0,0.0007148692810457516
220,7,7,0,0.0007148692810457516
221,2,2,0,0.0002042483660130719
222,16,16,0,0.0016339869281045752
223,5,5,0,0.0005106209150326798
224,5,5,0,0.0005106209150326798
225,3,3,0,0.00030637254901960784
226,16,22,6,0.0016339869281045752
227,11,11,0,0.0011233660130718953
228,1,1,0,0.00010212418300653595
229,11,11,0,0.0011233660130718953
230,1,2,1,0.00010212418300653595
231,4,4,0,0.0004084967320261438
232,4,4,0,0.0004084967320261438
233,18,18,0,0.001838235294117647
235,1,2,1,0.00010212418300653595
238,25,33,8,0.0025531045751633987
240,4,8,4,0.0004084967320261438
241,2,4,2,0.0002042483660130719
242,8,11,3,0.0008169934640522876
243,2,2,0,0.0002042483660130719
244,12,12,0,0.0012254901960784314
245,6,10,4,0.0006127450980392157
246,3,3,0,0.00030637254901960784
247,3,3,0,0.00030637254901960784
248,5,5,0,0.0005106209150326798
249,3,3,0,0.00030637254901960784
250,9,12,3,0.0009191176470588235
252,14,20,6,0.0014297385620915032
253,23,23,0,0.0023488562091503267
254,4,4,0,0.0004084967320261438
255,19,19,0,0.001940359477124183
258,5,7,2,0.0005106209150326798
259,5,7,2,0.0005106209150326798
260,8,8,0,0.0008169934640522876
261,8,13,5,0.0008169934640522876
262,8,24,16,0.0008169934640522876
263,2,2,0,0.0002042483660130719
264,21,22,1,0.002144607843137255
265,5,5,0,0.0005106209150326798
266,17,19,2,0.001736111111111111
267,1,9,8,0.00010212418300653595
268,3,7,4,0.00030637254901960784
273,9,11,2,0.0009191176470588235
274,2,3,1,0.0002042483660130719
275,5,5,0,0.0005106209150326798
276,2,3,1,0.0002042483660130719
277,5,5,0,0.0005106209150326798
278,5,6,1,0.0005106209150326798
280,3,7,4,0.00030637254901960784
281,3,7,4,0.00030637254901960784
283,1,2,1,0.00010212418300653595
284,5,7,2,0.0005106209150326798
285,1,1,0,0.00010212418300653595
286,5,5,0,0.0005106209150326798
290,1,1,0,0.00010212418300653595
296,10,23,13,0.0010212418300653595
297,9,14,5,0.0009191176470588235
298,3,12,9,0.00030637254901960784
302,12,26,14,0.0012254901960784314
303,6,6,0,0.0006127450980392157
304,2,2,0,0.0002042483660130719
305,7,7,0,0.0007148692810457516
308,24,33,9,0.0024509803921568627
309,9,17,8,0.0009191176470588235
311,1,1,0,0.00010212418300653595
313,10,12,2,0.0010212418300653595
317,2,2,0,0.0002042483660130719
318,5,5,0,0.0005106209150326798
319,7,15,8,0.0007148692810457516
321,1,1,0,0.00010212418300653595
323,2,6,4,0.0002042483660130719
324,4,10,6,0.0004084967320261438
326,4,14,10,0.0004084967320261438
327,1,6,5,0.00010212418300653595
328,2,9,7,0.0002042483660130719
329,20,25,5,0.002042483660130719
331,1,4,3,0.00010212418300653595
332,6,8,2,0.0006127450980392157
334,7,9,2,0.0007148692810457516
335,3,3,0,0.00030637254901960784
336,6,6,0,0.0006127450980392157
337,7,7,0,0.0007148692810457516
338,7,10,3,0.0007148692810457516
340,5,8,3,0.0005106209150326798
341,6,6,0,0.0006127450980392157
342,1,1,0,0.00010212418300653595
343,11,11,0,0.0011233660130718953
344,17,33,16,0.001736111111111111
345,1,9,8,0.00010212418300653595
349,15,28,13,0.0015318627450980392
350,17,28,11,0.001736111111111111
351,8,14,6,0.0008169934640522876
352,17,33,16,0.001736111111111111
354,5,11,6,0.0005106209150326798
356,1,1,0,0.00010212418300653595
357,1,1,0,0.00010212418300653595
358,17,28,11,0.001736111111111111
359,2,2,0,0.0002042483660130719
360,8,8,0,0.0008169934640522876
361,3,3,0,0.00030637254901960784
362,13,13,0,0.0013276143790849674
363,6,6,0,0.0006127450980392157
364,8,8,0,0.0008169934640522876
365,10,10,0,0.0010212418300653595
366,3,3,0,0.00030637254901960784
367,2,2,0,0.0002042483660130719
368,8,10,2,0.0008169934640522876
369,2,3,1,0.0002042483660130719
370,6,6,0,0.0006127450980392157
371,6,6,0,0.0006127450980392157
372,10,14,4,0.0010212418300653595
373,22,22,0,0.0022467320261437907
374,31,31,0,0.0031658496732026144
375,7,7,0,0.0007148692810457516
376,9,9,0,0.0009191176470588235
377,13,13,0,0.0013276143790849674
378,5,5,0,0.0005106209150326798
379,6,6,0,0.0006127450980392157
380,5,5,0,0.0005106209150326798
381,7,7,0,0.0007148692810457516
382,7,7,0,0.0007148692810457516
383,5,5,0,0.0005106209150326798
384,4,4,0,0.0004084967320261438
385,4,4,0,0.0004084967320261438
386,3,3,0,0.00030637254901960784
387,16,16,0,0.0016339869281045752
388,3,3,0,0.00030637254901960784
389,4,4,0,0.0004084967320261438
390,2,5,3,0.0002042483660130719
391,2,5,3,0.0002042483660130719
392,12,12,0,0.0012254901960784314
393,2,2,0,0.0002042483660130719
394,2,2,0,0.0002042483660130719
395,4,4,0,0.0004084967320261438
396,5,5,0,0.0005106209150326798
397,12,18,6,0.0012254901960784314
398,1,1,0,0.00010212418300653595
399,3,4,1,0.00030637254901960784
400,2,2,0,0.0002042483660130719
401,10,10,0,0.0010212418300653595
402,1,1,0,0.00010212418300653595
403,13,13,0,0.0013276143790849674
404,22,23,1,0.0022467320261437907
405,4,4,0,0.0004084967320261438
406,3,3,0,0.00030637254901960784
407,3,3,0,0.00030637254901960784
408,14,14,0,0.0014297385620915032
409,6,6,0,0.0006127450980392157
410,5,5,0,0.0005106209150326798
411,8,8,0,0.0008169934640522876
412,23,28,5,0.0023488562091503267
413,6,6,0,0.0006127450980392157
414,19,31,12,0.001940359477124183
415,4,4,0,0.0004084967320261438
416,1,1,0,0.00010212418300653595
417,2,2,0,0.0002042483660130719
418,1,1,0,0.00010212418300653595
419,1,1,0,0.00010212418300653595
420,5,5,0,0.0005106209150326798
421,6,9,3,0.0006127450980392157
422,1,1,0,0.00010212418300653595
423,5,5,0,0.0005106209150326798
424,3,4,1,0.00030637254901960784
425,3,4,1,0.00030637254901960784
426,3,4,1,0.00030637254901960784
427,9,10,1,0.0009191176470588235
428,5,5,0,0.0005106209150326798
429,14,14,0,0.0014297385620915032
430,2,2,0,0.0002042483660130719
431,8,9,1,0.0008169934640522876
432,9,9,0,0.0009191176470588235
433,22,28,6,0.0022467320261437907
434,1,1,0,0.00010212418300653595
435,2,2,0,0.0002042483660130719
436,2,2,0,0.0002042483660130719
437,5,5,0,0.0005106209150326798
438,2,2,0,0.0002042483660130719
439,5,5,0,0.0005106209150326798
440,19,19,0,0.001940359477124183
441,1,1,0,0.00010212418300653595
442,18,20,2,0.001838235294117647
443,12,12,0,0.0012254901960784314
444,5,5,0,0.0005106209150326798
445,2,2,0,0.0002042483660130719
446,11,14,3,0.0011233660130718953
447,4,4,0,0.0004084967320261438
448,6,6,0,0.0006127450980392157
449,2,2,0,0.0002042483660130719
450,3,3,0,0.00030637254901960784
451,2,2,0,0.0002042483660130719
452,2,2,0,0.0002042483660130719
453,9,9,0,0.0009191176470588235
454,9,9,0,0.0009191176470588235
455,1,1,0,0.00010212418300653595
456,5,5,0,0.0005106209150326798
457,1,1,0,0.00010212418300653595
458,3,3,0,0.00030637254901960784
459,9,13,4,0.0009191176470588235
460,19,19,0,0.001940359477124183
461,3,3,0,0.00030637254901960784
462,4,5,1,0.0004084967320261438
463,3,3,0,0.00030637254901960784
464,6,6,0,0.0006127450980392157
465,2,2,0,0.0002042483660130719
466,10,10,0,0.0010212418300653595
467,2,2,0,0.0002042483660130719
468,5,5,0,0.0005106209150326798
469,6,6,0,0.0006127450980392157
470,5,5,0,0.0005106209150326798
471,2,2,0,0.0002042483660130719
472,2,4,2,0.0002042483660130719
473,2,2,0,0.0002042483660130719
474,18,18,0,0.001838235294117647
475,2,2,0,0.0002042483660130719
476,10,10,0,0.0010212418300653595
477,5,5,0,0.0005106209150326798
478,29,35,6,0.0029616013071895424
479,10,10,0,0.0010212418300653595
481,29,31,2,0.0029616013071895424
482,4,4,0,0.0004084967320261438
483,4,4,0,0.0004084967320261438
484,4,4,0,0.0004084967320261438
485,4,4,0,0.0004084967320261438
486,3,3,0,0.00030637254901960784
487,5,5,0,0.0005106209150326798
488,2,2,0,0.0002042483660130719
490,10,10,0,0.0010212418300653595
491,3,3,0,0.00030637254901960784
492,18,18,0,0.001838235294117647
493,4,4,0,0.0004084967320261438
494,10,10,0,0.0010212418300653595
495,9,9,0,0.0009191176470588235
496,17,17,0,0.001736111111111111
497,1,1,0,0.00010212418300653595
498,12,15,3,0.0012254901960784314
499,16,16,0,0.0016339869281045752
500,15,15,0,0.0015318627450980392
501,5,5,0,0.0005106209150326798
502,5,5,0,0.0005106209150326798
503,37,44,7,0.00377859477124183
504,9,10,1,0.0009191176470588235
505,15,16,1,0.0015318627450980392
506,5,6,1,0.0005106209150326798
507,4,4,0,0.0004084967320261438
508,2,2,0,0.0002042483660130719
509,2,2,0,0.0002042483660130719
510,3,3,0,0.00030637254901960784
511,2,2,0,0.0002042483660130719
512,3,3,0,0.00030637254901960784
513,2,2,0,0.0002042483660130719
514,2,2,0,0.0002042483660130719
515,20,20,0,0.002042483660130719
516,5,5,0,0.0005106209150326798
517,8,8,0,0.0008169934640522876
518,11,11,0,0.0011233660130718953
519,1,1,0,0.00010212418300653595
520,14,16,2,0.0014297385620915032
521,6,7,1,0.0006127450980392157
522,10,10,0,0.0010212418300653595
523,10,10,0,0.0010212418300653595
524,10,10,0,0.0010212418300653595
525,13,13,0,0.0013276143790849674
526,10,10,0,0.0010212418300653595
527,10,10,0,0.0010212418300653595
528,10,10,0,0.0010212418300653595
529,14,14,0,0.0014297385620915032
530,10,10,0,0.0010212418300653595
531,10,10,0,0.0010212418300653595
532,15,15,0,0.0015318627450980392
533,1,1,0,0.00010212418300653595
534,2,2,0,0.0002042483660130719
535,2,2,0,0.0002042483660130719
536,6,6,0,0.0006127450980392157
537,3,3,0,0.00030637254901960784
538,2,2,0,0.0002042483660130719
539,1,1,0,0.00010212418300653595
540,2,2,0,0.0002042483660130719
541,24,29,5,0.0024509803921568627
542,6,6,0,0.0006127450980392157
543,4,6,2,0.0004084967320261438
544,1,1,0,0.00010212418300653595
545,3,3,0,0.00030637254901960784
546,3,3,0,0.00030637254901960784
547,4,6,2,0.0004084967320261438
548,3,3,0,0.00030637254901960784
549,3,3,0,0.00030637254901960784
550,5,5,0,0.0005106209150326798
551,2,2,0,0.0002042483660130719
552,1,1,0,0.00010212418300653595
553,10,11,1,0.0010212418300653595
554,9,9,0,0.0009191176470588235
555,9,9,0,0.0009191176470588235
556,1,1,0,0.00010212418300653595
557,2,2,0,0.0002042483660130719
558,2,2,0,0.0002042483660130719
559,16,19,3,0.0016339869281045752
560,3,3,0,0.00030637254901960784
561,16,16,0,0.0016339869281045752
562,8,8,0,0.0008169934640522876
563,2,2,0,0.0002042483660130719
564,8,8,0,0.0008169934640522876
565,2,2,0,0.0002042483660130719
566,3,3,0,0.00030637254901960784
567,3,3,0,0.00030637254901960784
568,6,6,0,0.0006127450980392157
569,10,12,2,0.0010212418300653595
571,3,3,0,0.00030637254901960784
572,7,8,1,0.0007148692810457516
573,13,13,0,0.0013276143790849674
574,11,11,0,0.0011233660130718953
576,1,1,0,0.00010212418300653595
577,1,1,0,0.00010212418300653595
578,1,1,0,0.00010212418300653595
580,3,9,6,0.00030637254901960784
582,4,9,5,0.0004084967320261438
584,1,1,0,0.00010212418300653595
586,1,5,4,0.00010212418300653595
589,11,15,4,0.0011233660130718953
590,1,6,5,0.00010212418300653595
592,50,54,4,0.0051062091503267975
596,18,18,0,0.001838235294117647
598,11,26,15,0.0011233660130718953
599,7,21,14,0.0007148692810457516
601,2,6,4,0.0002042483660130719
602,2,6,4,0.0002042483660130719
603,8,8,0,0.0008169934640522876
604,4,4,0,0.0004084967320261438
605,3,3,0,0.00030637254901960784
606,4,4,0,0.0004084967320261438
607,14,14,0,0.0014297385620915032
608,10,10,0,0.0010212418300653595
609,9,9,0,0.0009191176470588235
610,7,7,0,0.0007148692810457516
611,7,7,0,0.0007148692810457516
612,7,7,0,0.0007148692810457516
613,9,9,0,0.0009191176470588235
614,11,11,0,0.0011233660130718953
615,1,6,5,0.00010212418300653595
616,4,4,0,0.0004084967320261438
617,1,1,0,0.00010212418300653595
618,10,13,3,0.0010212418300653595
619,9,9,0,0.0009191176470588235
620,5,5,0,0.0005106209150326798
621,5,5,0,0.0005106209150326798
622,3,3,0,0.00030637254901960784
623,2,2,0,0.0002042483660130719
624,6,8,2,0.0006127450980392157
625,6,6,0,0.0006127450980392157
626,4,4,0,0.0004084967320261438
627,6,6,0,0.0006127450980392157
628,2,2,0,0.0002042483660130719
629,11,11,0,0.0011233660130718953
630,6,6,0,0.0006127450980392157
631,3,3,0,0.00030637254901960784
632,4,4,0,0.0004084967320261438
633,5,5,0,0.0005106209150326798
634,2,2,0,0.0002042483660130719
635,5,5,0,0.0005106209150326798
636,1,1,0,0.00010212418300653595
637,5,5,0,0.0005106209150326798
638,16,16,0,0.0016339869281045752
639,9,9,0,0.0009191176470588235
640,12,12,0,0.0012254901960784314
641,2,5,3,0.0002042483660130719
642,8,8,0,0.0008169934640522876
643,11,11,0,0.0011233660130718953
644,9,9,0,0.0009191176470588235
645,5,5,0,0.0005106209150326798
646,3,3,0,0.00030637254901960784
647,2,2,0,0.0002042483660130719
648,9,10,1,0.0009191176470588235
649,1,1,0,0.00010212418300653595
650,2,2,0,0.0002042483660130719
651,18,18,0,0.001838235294117647
652,5,8,3,0.0005106209150326798
653,8,8,0,0.0008169934640522876
654,14,14,0,0.0014297385620915032
655,8,8,0,0.0008169934640522876
656,13,13,0,0.0013276143790849674
657,7,7,0,0.0007148692810457516
658,9,9,0,0.0009191176470588235
659,26,26,0,0.0026552287581699347
660,2,2,0,0.0002042483660130719
661,2,2,0,0.0002042483660130719
662,3,3,0,0.00030637254901960784
663,4,4,0,0.0004084967320261438
664,3,3,0,0.00030637254901960784
665,4,4,0,0.0004084967320261438
666,3,3,0,0.00030637254901960784
667,5,5,0,0.0005106209150326798
668,5,5,0,0.0005106209150326798
669,5,5,0,0.0005106209150326798
670,9,9,0,0.0009191176470588235
671,2,2,0,0.0002042483660130719
672,3,3,0,0.00030637254901960784
673,2,2,0,0.0002042483660130719
674,5,5,0,0.0005106209150326798
675,6,7,1,0.0006127450980392157
676,18,18,0,0.001838235294117647
677,8,8,0,0.0008169934640522876
678,4,4,0,0.0004084967320261438
679,2,2,0,0.0002042483660130719
680,3,3,0,0.00030637254901960784
681,12,13,1,0.0012254901960784314
682,9,12,3,0.0009191176470588235
683,1,1,0,0.00010212418300653595
684,15,15,0,0.0015318627450980392
685,7,9,2,0.0007148692810457516
686,3,3,0,0.00030637254901960784
687,2,2,0,0.0002042483660130719
688,5,5,0,0.0005106209150326798
689,3,3,0,0.00030637254901960784
690,10,10,0,0.0010212418300653595
691,6,6,0,0.0006127450980392157
692,10,10,0,0.0010212418300653595
693,5,5,0,0.0005106209150326798
694,11,11,0,0.0011233660130718953
695,6,6,0,0.0006127450980392157
696,18,18,0,0.001838235294117647
697,1,1,0,0.00010212418300653595
698,13,14,1,0.0013276143790849674
699,2,2,0,0.0002042483660130719
700,24,25,1,0.0024509803921568627
701,6,6,0,0.0006127450980392157
702,4,4,0,0.0004084967320261438
703,4,4,0,0.0004084967320261438
704,4,4,0,0.0004084967320261438
705,11,11,0,0.0011233660130718953
706,6,6,0,0.0006127450980392157
707,3,3,0,0.00030637254901960784
708,2,2,0,0.0002042483660130719
709,2,2,0,0.0002042483660130719
710,3,3,0,0.00030637254901960784
711,2,2,0,0.0002042483660130719
712,6,7,1,0.0006127450980392157
713,1,1,0,0.00010212418300653595
714,4,4,0,0.0004084967320261438
715,2,2,0,0.0002042483660130719
716,2,2,0,0.0002042483660130719
717,2,2,0,0.0002042483660130719
718,10,11,1,0.0010212418300653595
719,2,2,0,0.0002042483660130719
720,1,1,0,0.00010212418300653595
721,3,3,0,0.00030637254901960784
722,3,3,0,0.00030637254901960784
723,2,2,0,0.0002042483660130719
724,5,5,0,0.0005106209150326798
725,1,1,0,0.00010212418300653595
726,6,8,2,0.0006127450980392157
727,14,20,6,0.0014297385620915032
728,4,4,0,0.0004084967320261438
729,5,5,0,0.0005106209150326798
730,3,3,0,0.00030637254901960784
731,5,5,0,0.0005106209150326798
732,3,3,0,0.00030637254901960784
733,8,8,0,0.0008169934640522876
734,1,1,0,0.00010212418300653595
735,2,2,0,0.0002042483660130719
736,2,2,0,0.0002042483660130719
737,10,12,2,0.0010212418300653595
738,1,1,0,0.00010212418300653595
739,2,2,0,0.0002042483660130719
740,14,14,0,0.0014297385620915032
741,3,6,3,0.00030637254901960784
742,14,19,5,0.0014297385620915032
743,5,5,0,0.0005106209150326798
744,6,6,0,0.0006127450980392157
745,1,1,0,0.00010212418300653595
746,5,5,0,0.0005106209150326798
747,1,1,0,0.00010212418300653595
748,4,4,0,0.0004084967320261438
749,3,3,0,0.00030637254901960784
750,3,3,0,0.00030637254901960784
752,6,10,4,0.0006127450980392157
753,3,10,7,0.00030637254901960784
755,4,4,0,0.0004084967320261438
756,1,1,0,0.00010212418300653595
758,16,17,1,0.0016339869281045752
759,9,9,0,0.0009191176470588235
760,5,5,0,0.0005106209150326798
761,5,17,12,0.0005106209150326798
762,2,9,7,0.0002042483660130719
766,4,4,0,0.0004084967320261438
767,1,3,2,0.00010212418300653595
770,6,14,8,0.0006127450980392157
773,5,8,3,0.0005106209150326798
774,2,2,0,0.0002042483660130719
775,6,6,0,0.0006127450980392157
776,6,6,0,0.0006127450980392157
777,8,8,0,0.0008169934640522876
778,4,4,0,0.0004084967320261438
780,6,13,7,0.0006127450980392157
782,3,15,12,0.00030637254901960784
785,1,2,1,0.00010212418300653595
787,4,6,2,0.0004084967320261438
788,3,5,2,0.00030637254901960784
789,1,1,0,0.00010212418300653595
790,1,3,2,0.00010212418300653595
793,1,3,2,0.00010212418300653595
794,5,7,2,0.0005106209150326798
795,10,12,2,0.0010212418300653595
797,5,8,3,0.0005106209150326798
799,2,5,3,0.0002042483660130719
800,3,3,0,0.00030637254901960784
803,1,1,0,0.00010212418300653595
804,5,5,0,0.0005106209150326798
805,3,3,0,0.00030637254901960784
806,8,9,1,0.0008169934640522876
807,2,2,0,0.0002042483660130719
808,8,8,0,0.0008169934640522876
809,2,2,0,0.0002042483660130719
810,5,5,0,0.0005106209150326798
811,6,7,1,0.0006127450980392157
812,1,1,0,0.00010212418300653595
813,1,1,0,0.00010212418300653595
814,4,4,0,0.0004084967320261438
815,6,6,0,0.0006127450980392157
816,26,29,3,0.0026552287581699347
817,1,1,0,0.00010212418300653595
818,20,20,0,0.002042483660130719
819,2,2,0,0.0002042483660130719
820,4,4,0,0.0004084967320261438
821,6,6,0,0.0006127450980392157
822,5,5,0,0.0005106209150326798
823,6,6,0,0.0006127450980392157
824,2,2,0,0.0002042483660130719
825,1,1,0,0.00010212418300653595
826,13,13,0,0.0013276143790849674
827,6,6,0,0.0006127450980392157
828,1,1,0,0.00010212418300653595
829,6,6,0,0.0006127450980392157
830,5,5,0,0.0005106209150326798
831,2,2,0,0.0002042483660130719
832,4,4,0,0.0004084967320261438
833,3,3,0,0.00030637254901960784
834,10,10,0,0.0010212418300653595
835,3,3,0,0.00030637254901960784
836,2,2,0,0.0002042483660130719
837,5,5,0,0.0005106209150326798
838,3,3,0,0.00030637254901960784
839,2,2,0,0.0002042483660130719
840,2,2,0,0.0002042483660130719
841,2,2,0,0.0002042483660130719
842,1,1,0,0.00010212418300653595
843,3,3,0,0.00030637254901960784
844,3,3,0,0.00030637254901960784
845,3,3,0,0.00030637254901960784
846,2,2,0,0.0002042483660130719
847,2,2,0,0.0002042483660130719
848,1,1,0,0.00010212418300653595
849,5,5,0,0.0005106209150326798
850,3,3,0,0.00030637254901960784
851,3,3,0,0.00030637254901960784
852,5,5,0,0.0005106209150326798
853,18,19,1,0.001838235294117647
854,8,10,2,0.0008169934640522876
855,5,5,0,0.0005106209150326798
856,5,5,0,0.0005106209150326798
857,2,4,2,0.0002042483660130719
858,3,3,0,0.00030637254901960784
859,11,11,0,0.0011233660130718953
860,8,13,5,0.0008169934640522876
861,11,11,0,0.0011233660130718953
862,1,1,0,0.00010212418300653595
863,1,1,0,0.00010212418300653595
864,1,1,0,0.00010212418300653595
865,1,1,0,0.00010212418300653595
866,2,2,0,0.0002042483660130719
867,2,2,0,0.0002042483660130719
868,4,4,0,0.0004084967320261438
869,5,5,0,0.0005106209150326798
870,5,5,0,0.0005106209150326798
871,4,4,0,0.0004084967320261438
872,4,4,0,0.0004084967320261438
873,9,9,0,0.0009191176470588235
874,2,2,0,0.0002042483660130719
875,2,2,0,0.0002042483660130719
876,4,4,0,0.0004084967320261438
877,2,2,0,0.0002042483660130719
878,2,2,0,0.0002042483660130719
879,4,4,0,0.0004084967320261438
880,4,4,0,0.0004084967320261438
881,1,1,0,0.00010212418300653595
882,6,9,3,0.0006127450980392157
883,3,3,0,0.00030637254901960784
884,1,1,0,0.00010212418300653595
885,1,1,0,0.00010212418300653595
886,3,6,3,0.00030637254901960784
887,7,7,0,0.0007148692810457516
888,2,2,0,0.0002042483660130719
889,2,2,0,0.0002042483660130719
890,2,2,0,0.0002042483660130719
891,6,6,0,0.0006127450980392157
892,9,9,0,0.0009191176470588235
893,13,13,0,0.0013276143790849674
894,10,12,2,0.0010212418300653595
895,4,4,0,0.0004084967320261438
896,4,5,1,0.0004084967320261438
898,7,7,0,0.0007148692810457516
899,2,2,0,0.0002042483660130719
900,2,2,0,0.0002042483660130719
901,5,5,0,0.0005106209150326798
902,5,5,0,0.0005106209150326798
903,5,5,0,0.0005106209150326798
904,1,1,0,0.00010212418300653595
905,5,5,0,0.0005106209150326798
906,2,8,6,0.0002042483660130719
907,2,3,1,0.0002042483660130719
908,1,1,0,0.00010212418300653595
909,4,4,0,0.0004084967320261438
910,7,7,0,0.0007148692810457516
911,5,9,4,0.0005106209150326798
912,3,3,0,0.00030637254901960784
913,5,5,0,0.0005106209150326798
914,19,24,5,0.001940359477124183
915,8,8,0,0.0008169934640522876
916,8,11,3,0.0008169934640522876
917,4,4,0,0.0004084967320261438
918,5,5,0,0.0005106209150326798
919,4,4,0,0.0004084967320261438
920,9,9,0,0.0009191176470588235
921,5,5,0,0.0005106209150326798
922,12,12,0,0.0012254901960784314
923,5,5,0,0.0005106209150326798
924,2,2,0,0.0002042483660130719
925,3,3,0,0.00030637254901960784
926,1,1,0,0.00010212418300653595
927,2,2,0,0.0002042483660130719
928,2,2,0,0.0002042483660130719
929,2,2,0,0.0002042483660130719
930,9,9,0,0.0009191176470588235
931,2,5,3,0.0002042483660130719
932,2,2,0,0.0002042483660130719
933,1,1,0,0.00010212418300653595
934,3,3,0,0.00030637254901960784
935,3,3,0,0.00030637254901960784
936,6,6,0,0.0006127450980392157
937,14,14,0,0.0014297385620915032
938,1,1,0,0.00010212418300653595
939,5,6,1,0.0005106209150326798
940,2,2,0,0.0002042483660130719
941,3,3,0,0.00030637254901960784
942,1,1,0,0.00010212418300653595
943,7,7,0,0.0007148692810457516
944,4,4,0,0.0004084967320261438
945,12,23,11,0.0012254901960784314
946,3,3,0,0.00030637254901960784
947,2,2,0,0.0002042483660130719
948,2,2,0,0.0002042483660130719
949,2,2,0,0.0002042483660130719
950,1,1,0,0.00010212418300653595
951,8,8,0,0.0008169934640522876
952,3,3,0,0.00030637254901960784
953,2,3,1,0.0002042483660130719
954,7,15,8,0.0007148692810457516
955,9,17,8,0.0009191176470588235
956,3,3,0,0.00030637254901960784
957,3,3,0,0.00030637254901960784
958,3,3,0,0.00030637254901960784
959,3,3,0,0.00030637254901960784
960,3,3,0,0.00030637254901960784
961,4,4,0,0.0004084967320261438
962,4,4,0,0.0004084967320261438
963,2,2,0,0.0002042483660130719
964,7,8,1,0.0007148692810457516
965,2,2,0,0.0002042483660130719
966,5,5,0,0.0005106209150326798
967,13,16,3,0.0013276143790849674
968,2,2,0,0.0002042483660130719
969,2,2,0,0.0002042483660130719
970,3,3,0,0.00030637254901960784
971,11,17,6,0.0011233660130718953
972,2,2,0,0.0002042483660130719
973,2,2,0,0.0002042483660130719
974,4,4,0,0.0004084967320261438
975,10,13,3,0.0010212418300653595
976,4,7,3,0.0004084967320261438
977,4,9,5,0.0004084967320261438
978,2,2,0,0.0002042483660130719
979,1,1,0,0.00010212418300653595
980,1,1,0,0.00010212418300653595
981,3,3,0,0.00030637254901960784
982,3,3,0,0.00030637254901960784
983,3,3,0,0.00030637254901960784
984,6,6,0,0.0006127450980392157
986,1,1,0,0.00010212418300653595
987,1,1,0,0.00010212418300653595
988,2,6,4,0.0002042483660130719
989,2,2,0,0.0002042483660130719
990,2,2,0,0.0002042483660130719
991,1,1,0,0.00010212418300653595
992,1,1,0,0.00010212418300653595
993,7,7,0,0.0007148692810457516
994,4,4,0,0.0004084967320261438
995,9,9,0,0.0009191176470588235
996,6,6,0,0.0006127450980392157
997,2,2,0,0.0002042483660130719
998,5,5,0,0.0005106209150326798
999,3,3,0,0.00030637254901960784
1000,1,1,0,0.00010212418300653595
1001,6,6,0,0.0006127450980392157
1002,5,5,0,0.0005106209150326798
1003,2,2,0,0.0002042483660130719
1004,3,6,3,0.00030637254901960784
1005,2,2,0,0.0002042483660130719
1006,9,9,0,0.0009191176470588235
1007,3,3,0,0.00030637254901960784
1008,3,3,0,0.00030637254901960784
1009,2,2,0,0.0002042483660130719
1010,1,4,3,0.00010212418300653595
1011,3,3,0,0.00030637254901960784
1012,8,8,0,0.0008169934640522876
1013,6,6,0,0.0006127450980392157
1014,5,5,0,0.0005106209150326798
1015,4,4,0,0.0004084967320261438
1016,6,6,0,0.0006127450980392157
1017,1,1,0,0.00010212418300653595
1018,13,13,0,0.0013276143790849674
1019,13,13,0,0.0013276143790849674
1020,1,1,0,0.00010212418300653595
1021,7,7,0,0.0007148692810457516
1022,1,1,0,0.00010212418300653595
1023,12,12,0,0.0012254901960784314
1024,7,7,0,0.0007148692810457516
1025,12,12,0,0.0012254901960784314
1026,11,11,0,0.0011233660130718953
1027,3,3,0,0.00030637254901960784
1028,4,8,4,0.0004084967320261438
1029,5,5,0,0.0005106209150326798
1030,3,3,0,0.00030637254901960784
1031,2,2,0,0.0002042483660130719
1032,5,5,0,0.0005106209150326798
1033,3,3,0,0.00030637254901960784
1034,9,10,1,0.0009191176470588235
1035,1,1,0,0.00010212418300653595
1036,10,10,0,0.0010212418300653595
1037,4,4,0,0.0004084967320261438
1038,10,14,4,0.0010212418300653595
1039,7,7,0,0.0007148692810457516
1040,8,8,0,0.0008169934640522876
1041,7,7,0,0.0007148692810457516
1042,7,7,0,0.0007148692810457516
1043,4,4,0,0.0004084967320261438
1044,25,25,0,0.0025531045751633987
1045,2,2,0,0.0002042483660130719
1046,6,6,0,0.0006127450980392157
1047,8,8,0,0.0008169934640522876
1048,6,6,0,0.0006127450980392157
1049,6,6,0,0.0006127450980392157
1050,5,7,2,0.0005106209150326798
1051,4,4,0,0.0004084967320261438
1052,6,6,0,0.0006127450980392157
1053,10,10,0,0.0010212418300653595
1054,4,4,0,0.0004084967320261438
1055,7,7,0,0.0007148692810457516
1056,4,4,0,0.0004084967320261438
1057,4,4,0,0.0004084967320261438
1058,2,2,0,0.0002042483660130719
1059,2,2,0,0.0002042483660130719
1060,3,3,0,0.00030637254901960784
1061,1,1,0,0.00010212418300653595
1062,1,1,0,0.00010212418300653595
1063,1,1,0,0.00010212418300653595
1064,4,4,0,0.0004084967320261438
1065,3,3,0,0.00030637254901960784
1066,3,3,0,0.00030637254901960784
1067,5,5,0,0.0005106209150326798
1068,4,4,0,0.0004084967320261438
1070,8,13,5,0.0008169934640522876
1071,1,11,10,0.00010212418300653595
1074,6,11,5,0.0006127450980392157
1077,1,4,3,0.00010212418300653595
1083,1,1,0,0.00010212418300653595
1084,4,4,0,0.0004084967320261438
1086,1,4,3,0.00010212418300653595
1095,1,5,4,0.00010212418300653595
1096,3,3,0,0.00030637254901960784
1100,6,12,6,0.0006127450980392157
1104,1,1,0,0.00010212418300653595
1105,4,4,0,0.0004084967320261438
1106,2,2,0,0.0002042483660130719
1111,5,5,0,0.0005106209150326798
1112,5,8,3,0.0005106209150326798
1113,2,2,0,0.0002042483660130719
1114,2,2,0,0.0002042483660130719
1115,4,4,0,0.0004084967320261438
1117,11,16,5,0.0011233660130718953
1119,7,8,1,0.0007148692810457516
1130,2,2,0,0.0002042483660130719
1135,1,1,0,0.00010212418300653595
1139,2,2,0,0.0002042483660130719
1143,14,22,8,0.0014297385620915032
1146,2,7,5,0.0002042483660130719
1147,2,2,0,0.0002042483660130719
1149,2,2,0,0.0002042483660130719
1151,5,6,1,0.0005106209150326798
1156,3,3,0,0.00030637254901960784
1157,3,3,0,0.00030637254901960784
1158,3,4,1,0.00030637254901960784
1159,6,6,0,0.0006127450980392157
1160,4,5,1,0.0004084967320261438
1162,3,3,0,0.00030637254901960784
1168,4,7,3,0.0004084967320261438
1169,3,3,0,0.00030637254901960784
1170,6,6,0,0.0006127450980392157
1173,4,4,0,0.0004084967320261438
1174,1,1,0,0.00010212418300653595
1175,19,19,0,0.001940359477124183
1176,1,1,0,0.00010212418300653595
1177,2,2,0,0.0002042483660130719
1178,2,2,0,0.0002042483660130719
1179,3,3,0,0.00030637254901960784
1180,3,3,0,0.00030637254901960784
1181,1,1,0,0.00010212418300653595
1182,4,4,0,0.0004084967320261438
1183,3,3,0,0.00030637254901960784
1184,31,31,0,0.0031658496732026144
1185,5,5,0,0.0005106209150326798
1186,10,10,0,0.0010212418300653595
1187,12,12,0,0.0012254901960784314
1188,6,6,0,0.0006127450980392157
1189,3,3,0,0.00030637254901960784
1190,2,2,0,0.0002042483660130719
1192,3,3,0,0.00030637254901960784
1193,1,1,0,0.00010212418300653595
1194,1,1,0,0.00010212418300653595
1195,1,1,0,0.00010212418300653595
1196,3,3,0,0.00030637254901960784
1197,1,1,0,0.00010212418300653595
1198,2,2,0,0.0002042483660130719
1199,2,2,0,0.0002042483660130719
1200,1,1,0,0.00010212418300653595
1201,7,7,0,0.0007148692810457516
1202,2,2,0,0.0002042483660130719
1203,2,2,0,0.0002042483660130719
1204,2,2,0,0.0002042483660130719
1205,1,1,0,0.00010212418300653595
1206,1,1,0,0.00010212418300653595
1207,3,3,0,0.00030637254901960784
1208,2,2,0,0.0002042483660130719
1209,4,4,0,0.0004084967320261438
1210,3,3,0,0.00030637254901960784
1211,3,3,0,0.00030637254901960784
1212,6,6,0,0.0006127450980392157
1213,3,3,0,0.00030637254901960784
1214,10,10,0,0.0010212418300653595
1215,6,6,0,0.0006127450980392157
1216,6,6,0,0.0006127450980392157
1217,6,6,0,0.0006127450980392157
1218,4,4,0,0.0004084967320261438
1219,9,9,0,0.0009191176470588235
1220,5,6,1,0.0005106209150326798
1221,3,3,0,0.00030637254901960784
1222,10,15,5,0.0010212418300653595
1223,3,3,0,0.00030637254901960784
1224,5,5,0,0.0005106209150326798
1225,5,5,0,0.0005106209150326798
1226,5,5,0,0.0005106209150326798
1227,3,3,0,0.00030637254901960784
1228,7,7,0,0.0007148692810457516
1229,6,6,0,0.0006127450980392157
1230,2,4,2,0.0002042483660130719
1231,2,2,0,0.0002042483660130719
1232,7,7,0,0.0007148692810457516
1233,7,7,0,0.0007148692810457516
1234,7,7,0,0.0007148692810457516
1235,7,7,0,0.0007148692810457516
1236,9,9,0,0.0009191176470588235
1237,7,7,0,0.0007148692810457516
1238,9,9,0,0.0009191176470588235
1239,1,1,0,0.00010212418300653595
1240,3,3,0,0.00030637254901960784
1241,3,3,0,0.00030637254901960784
1242,6,6,0,0.0006127450980392157
1243,1,1,0,0.00010212418300653595
1244,2,2,0,0.0002042483660130719
1245,2,2,0,0.0002042483660130719
1246,2,2,0,0.0002042483660130719
1247,1,1,0,0.00010212418300653595
1248,1,1,0,0.00010212418300653595
1249,3,3,0,0.00030637254901960784
1250,3,3,0,0.00030637254901960784
1251,1,1,0,0.00010212418300653595
1252,2,2,0,0.0002042483660130719
1253,8,8,0,0.0008169934640522876
1254,8,13,5,0.0008169934640522876
1255,4,4,0,0.0004084967320261438
1256,3,3,0,0.00030637254901960784
1257,6,6,0,0.0006127450980392157
1258,3,3,0,0.00030637254901960784
1259,3,3,0,0.00030637254901960784
1260,17,18,1,0.001736111111111111
1261,14,21,7,0.0014297385620915032
1262,2,2,0,0.0002042483660130719
1263,20,27,7,0.002042483660130719
1264,9,9,0,0.0009191176470588235
1265,1,1,0,0.00010212418300653595
1266,4,4,0,0.0004084967320261438
1267,4,4,0,0.0004084967320261438
1268,14,14,0,0.0014297385620915032
1269,3,3,0,0.00030637254901960784
1270,4,4,0,0.0004084967320261438
1271,7,7,0,0.0007148692810457516
1272,3,3,0,0.00030637254901960784
1273,2,2,0,0.0002042483660130719
1274,2,2,0,0.0002042483660130719
1275,1,1,0,0.00010212418300653595
1276,2,2,0,0.0002042483660130719
1277,5,11,6,0.0005106209150326798
1278,2,2,0,0.0002042483660130719
1279,3,3,0,0.00030637254901960784
1280,2,2,0,0.0002042483660130719
1281,1,5,4,0.00010212418300653595
1282,6,9,3,0.0006127450980392157
1283,1,1,0,0.00010212418300653595
1284,2,2,0,0.0002042483660130719
1285,2,2,0,0.0002042483660130719
1286,3,5,2,0.00030637254901960784
1287,2,5,3,0.0002042483660130719
1288,2,2,0,0.0002042483660130719
1289,5,8,3,0.0005106209150326798
1290,2,2,0,0.0002042483660130719
1291,2,2,0,0.0002042483660130719
1292,17,17,0,0.001736111111111111
1293,1,1,0,0.00010212418300653595
1294,3,3,0,0.00030637254901960784
1295,3,3,0,0.00030637254901960784
1296,5,5,0,0.0005106209150326798
1297,2,2,0,0.0002042483660130719
1298,5,5,0,0.0005106209150326798
1299,1,1,0,0.00010212418300653595
1300,3,3,0,0.00030637254901960784
1301,2,2,0,0.0002042483660130719
1302,14,14,0,0.0014297385620915032
1303,7,7,0,0.0007148692810457516
1304,2,2,0,0.0002042483660130719
1305,3,3,0,0.00030637254901960784
1306,2,3,1,0.0002042483660130719
1307,4,4,0,0.0004084967320261438
1308,4,4,0,0.0004084967320261438
1309,6,6,0,0.0006127450980392157
1310,4,4,0,0.0004084967320261438
1311,8,8,0,0.0008169934640522876
1312,1,1,0,0.00010212418300653595
1313,3,3,0,0.00030637254901960784
1314,3,3,0,0.00030637254901960784
1315,5,8,3,0.0005106209150326798
1316,3,3,0,0.00030637254901960784
1317,3,3,0,0.00030637254901960784
1318,8,8,0,0.0008169934640522876
1319,2,2,0,0.0002042483660130719
1320,1,1,0,0.00010212418300653595
1321,4,4,0,0.0004084967320261438
1322,6,6,0,0.0006127450980392157
1323,1,1,0,0.00010212418300653595
1324,2,2,0,0.0002042483660130719
1325,2,2,0,0.0002042483660130719
1326,3,3,0,0.00030637254901960784
1327,3,3,0,0.00030637254901960784
1328,3,3,0,0.00030637254901960784
1329,4,4,0,0.0004084967320261438
1330,3,3,0,0.00030637254901960784
1331,5,5,0,0.0005106209150326798
1332,1,1,0,0.00010212418300653595
1333,2,2,0,0.0002042483660130719
1334,2,2,0,0.0002042483660130719
1335,4,4,0,0.0004084967320261438
1336,1,1,0,0.00010212418300653595
1337,5,5,0,0.0005106209150326798
1338,6,6,0,0.0006127450980392157
1339,7,7,0,0.0007148692810457516
1340,2,2,0,0.0002042483660130719
1341,2,2,0,0.0002042483660130719
1342,11,12,1,0.0011233660130718953
1343,3,3,0,0.00030637254901960784
1344,3,3,0,0.00030637254901960784
1345,2,2,0,0.0002042483660130719
1346,1,1,0,0.00010212418300653595
1347,1,1,0,0.00010212418300653595
1348,5,6,1,0.0005106209150326798
1349,5,5,0,0.0005106209150326798
1350,6,8,2,0.0006127450980392157
1351,3,3,0,0.00030637254901960784
1352,6,6,0,0.0006127450980392157
1353,3,4,1,0.00030637254901960784
1354,9,13,4,0.0009191176470588235
1355,2,2,0,0.0002042483660130719
1356,2,2,0,0.0002042483660130719
1357,2,2,0,0.0002042483660130719
1358,6,6,0,0.0006127450980392157
1359,6,6,0,0.0006127450980392157
1360,6,6,0,0.0006127450980392157
1361,3,3,0,0.00030637254901960784
1362,5,19,14,0.0005106209150326798
1363,3,3,0,0.00030637254901960784
1364,1,1,0,0.00010212418300653595
1365,3,3,0,0.00030637254901960784
1366,12,22,10,0.0012254901960784314
1367,1,1,0,0.00010212418300653595
1368,2,7,5,0.0002042483660130719
1369,7,7,0,0.0007148692810457516
1370,2,2,0,0.0002042483660130719
1371,2,2,0,0.0002042483660130719
1372,3,3,0,0.00030637254901960784
1373,2,2,0,0.0002042483660130719
1374,3,3,0,0.00030637254901960784
1375,20,20,0,0.002042483660130719
1376,3,3,0,0.00030637254901960784
1377,4,4,0,0.0004084967320261438
1378,2,2,0,0.0002042483660130719
1379,2,2,0,0.0002042483660130719
1380,3,3,0,0.00030637254901960784
1381,14,14,0,0.0014297385620915032
1382,3,3,0,0.00030637254901960784
1383,6,6,0,0.0006127450980392157
1384,4,4,0,0.0004084967320261438
1385,7,7,0,0.0007148692810457516
1386,3,3,0,0.00030637254901960784
1387,4,4,0,0.0004084967320261438
1388,5,5,0,0.0005106209150326798
1389,4,4,0,0.0004084967320261438
1390,4,4,0,0.0004084967320261438
1391,5,5,0,0.0005106209150326798
1392,4,4,0,0.0004084967320261438
1393,1,1,0,0.00010212418300653595
1400,3,6,3,0.00030637254901960784
1404,2,3,1,0.0002042483660130719
1405,2,2,0,0.0002042483660130719
1406,2,2,0,0.0002042483660130719
1408,3,3,0,0.00030637254901960784
1409,3,6,3,0.00030637254901960784
1411,4,8,4,0.0004084967320261438
1414,2,2,0,0.0002042483660130719
1417,2,4,2,0.0002042483660130719
1418,4,6,2,0.0004084967320261438
1419,2,4,2,0.0002042483660130719
1420,1,5,4,0.00010212418300653595
1421,5,7,2,0.0005106209150326798
1422,3,3,0,0.00030637254901960784
1423,3,3,0,0.00030637254901960784
1424,3,3,0,0.00030637254901960784
1425,3,3,0,0.00030637254901960784
1426,9,9,0,0.0009191176470588235
1427,5,5,0,0.0005106209150326798
1428,6,6,0,0.0006127450980392157
1429,5,5,0,0.0005106209150326798
1430,5,5,0,0.0005106209150326798
1431,2,2,0,0.0002042483660130719
1432,3,3,0,0.00030637254901960784
1433,2,2,0,0.0002042483660130719
1434,3,3,0,0.00030637254901960784
1435,1,1,0,0.00010212418300653595
1436,6,6,0,0.0006127450980392157
1438,5,11,6,0.0005106209150326798
1447,3,3,0,0.00030637254901960784
1448,5,10,5,0.0005106209150326798
1449,9,12,3,0.0009191176470588235
1461,2,2,0,0.0002042483660130719
1465,1,1,0,0.00010212418300653595
1466,4,4,0,0.0004084967320261438
1467,1,1,0,0.00010212418300653595
1468,2,2,0,0.0002042483660130719
1469,5,5,0,0.0005106209150326798
1470,15,15,0,0.0015318627450980392
1471,11,11,0,0.0011233660130718953
1472,2,2,0,0.0002042483660130719
1473,1,1,0,0.00010212418300653595
1474,2,2,0,0.0002042483660130719
1475,3,3,0,0.00030637254901960784
1476,3,8,5,0.00030637254901960784
1477,5,5,0,0.0005106209150326798
1478,6,8,2,0.0006127450980392157
1479,2,2,0,0.0002042483660130719
1480,4,4,0,0.0004084967320261438
1481,4,4,0,0.0004084967320261438
1482,8,8,0,0.0008169934640522876
1483,4,4,0,0.0004084967320261438
1484,1,1,0,0.00010212418300653595
1485,4,4,0,0.0004084967320261438
1486,5,8,3,0.0005106209150326798
1487,2,4,2,0.0002042483660130719
1488,2,4,2,0.0002042483660130719
1489,7,7,0,0.0007148692810457516
1490,4,7,3,0.0004084967320261438
1491,4,7,3,0.0004084967320261438
1492,3,3,0,0.00030637254901960784
1493,3,6,3,0.00030637254901960784
1494,3,3,0,0.00030637254901960784
1495,3,3,0,0.00030637254901960784
1496,4,5,1,0.0004084967320261438
1497,9,9,0,0.0009191176470588235
1498,11,11,0,0.0011233660130718953
1499,4,4,0,0.0004084967320261438
1500,18,18,0,0.001838235294117647
1501,9,9,0,0.0009191176470588235
1502,4,4,0,0.0004084967320261438
1503,1,1,0,0.00010212418300653595
1504,7,10,3,0.0007148692810457516
1505,2,2,0,0.0002042483660130719
1506,3,3,0,0.00030637254901960784
1507,3,3,0,0.00030637254901960784
1508,5,5,0,0.0005106209150326798
1509,2,2,0,0.0002042483660130719
1510,1,1,0,0.00010212418300653595
1511,5,5,0,0.0005106209150326798
1512,2,2,0,0.0002042483660130719
1513,4,4,0,0.0004084967320261438
1514,7,7,0,0.0007148692810457516
1515,1,1,0,0.00010212418300653595
1516,2,2,0,0.0002042483660130719
1517,5,5,0,0.0005106209150326798
1518,7,7,0,0.0007148692810457516
1519,5,10,5,0.0005106209150326798
1520,6,6,0,0.0006127450980392157
1521,1,1,0,0.00010212418300653595
1522,4,4,0,0.0004084967320261438
1523,8,8,0,0.0008169934640522876
1524,10,10,0,0.0010212418300653595
1525,3,7,4,0.00030637254901960784
1526,11,16,5,0.0011233660130718953
1527,7,13,6,0.0007148692810457516
1528,2,2,0,0.0002042483660130719
1529,10,10,0,0.0010212418300653595
1530,7,7,0,0.0007148692810457516
1531,2,2,0,0.0002042483660130719
1532,5,5,0,0.0005106209150326798
1533,19,19,0,0.001940359477124183
1534,4,4,0,0.0004084967320261438
1535,1,1,0,0.00010212418300653595
1536,4,7,3,0.0004084967320261438
1537,3,3,0,0.00030637254901960784
1538,3,3,0,0.00030637254901960784
1539,3,3,0,0.00030637254901960784
1540,1,1,0,0.00010212418300653595
1541,3,4,1,0.00030637254901960784
1542,3,4,1,0.00030637254901960784
1543,1,1,0,0.00010212418300653595
1544,3,3,0,0.00030637254901960784
1545,1,1,0,0.00010212418300653595
1546,1,1,0,0.00010212418300653595
1547,1,1,0,0.00010212418300653595
1548,2,5,3,0.0002042483660130719
1549,2,2,0,0.0002042483660130719
1550,1,1,0,0.00010212418300653595
1551,3,3,0,0.00030637254901960784
1552,3,4,1,0.00030637254901960784
1553,2,2,0,0.0002042483660130719
1554,2,4,2,0.0002042483660130719
1555,3,7,4,0.00030637254901960784
1556,4,4,0,0.0004084967320261438
1557,4,8,4,0.0004084967320261438
1558,1,1,0,0.00010212418300653595
1559,2,2,0,0.0002042483660130719
1560,2,3,1,0.0002042483660130719
1561,2,2,0,0.0002042483660130719
1562,2,2,0,0.0002042483660130719
1563,4,4,0,0.0004084967320261438
1564,1,1,0,0.00010212418300653595
1565,7,8,1,0.0007148692810457516
1566,3,3,0,0.00030637254901960784
1567,2,2,0,0.0002042483660130719
1568,2,2,0,0.0002042483660130719
1569,3,3,0,0.00030637254901960784
1570,3,3,0,0.00030637254901960784
1571,3,3,0,0.00030637254901960784
1572,3,3,0,0.00030637254901960784
1573,4,4,0,0.0004084967320261438
1574,4,4,0,0.0004084967320261438
1575,2,2,0,0.0002042483660130719
1576,1,1,0,0.00010212418300653595
1577,1,1,0,0.00010212418300653595
1578,4,4,0,0.0004084967320261438
1579,3,3,0,0.00030637254901960784
1580,2,2,0,0.0002042483660130719
1581,3,3,0,0.00030637254901960784
1582,3,3,0,0.00030637254901960784
1583,1,1,0,0.00010212418300653595
1584,3,3,0,0.00030637254901960784
1585,2,2,0,0.0002042483660130719
1587,2,2,0,0.0002042483660130719
1590,2,2,0,0.0002042483660130719
1592,2,21,19,0.0002042483660130719
1595,2,4,2,0.0002042483660130719
1596,1,2,1,0.00010212418300653595
1597,4,6,2,0.0004084967320261438
1598,2,2,0,0.0002042483660130719
1599,3,8,5,0.00030637254901960784
1600,6,12,6,0.0006127450980392157
1601,2,2,0,0.0002042483660130719
1602,3,6,3,0.00030637254901960784
1604,5,8,3,0.0005106209150326798
1605,5,8,3,0.0005106209150326798
1608,2,11,9,0.0002042483660130719
1610,3,11,8,0.00030637254901960784
1611,3,11,8,0.00030637254901960784
1616,2,5,3,0.0002042483660130719
1617,1,1,0,0.00010212418300653595
1622,2,6,4,0.0002042483660130719
1630,2,2,0,0.0002042483660130719
1631,5,5,0,0.0005106209150326798
1632,2,2,0,0.0002042483660130719
1633,2,2,0,0.0002042483660130719
1634,2,2,0,0.0002042483660130719
1635,1,1,0,0.00010212418300653595
1636,7,7,0,0.0007148692810457516
1637,8,8,0,0.0008169934640522876
1638,2,2,0,0.0002042483660130719
1639,3,3,0,0.00030637254901960784
1640,1,1,0,0.00010212418300653595
1641,9,9,0,0.0009191176470588235
1642,1,1,0,0.00010212418300653595
1643,2,2,0,0.0002042483660130719
1644,1,1,0,0.00010212418300653595
1645,2,2,0,0.0002042483660130719
1646,4,4,0,0.0004084967320261438
1647,4,4,0,0.0004084967320261438
1648,8,8,0,0.0008169934640522876
1649,4,4,0,0.0004084967320261438
1650,1,1,0,0.00010212418300653595
1651,1,1,0,0.00010212418300653595
1652,8,8,0,0.0008169934640522876
1653,2,2,0,0.0002042483660130719
1655,2,2,0,0.0002042483660130719
1656,8,8,0,0.0008169934640522876
1657,1,1,0,0.00010212418300653595
1658,2,2,0,0.0002042483660130719
1659,2,2,0,0.0002042483660130719
1660,2,2,0,0.0002042483660130719
1670,2,2,0,0.0002042483660130719
1672,3,8,5,0.00030637254901960784
1677,3,23,20,0.00030637254901960784
1691,2,5,3,0.0002042483660130719
1698,1,1,0,0.00010212418300653595
1699,3,3,0,0.00030637254901960784
1700,3,3,0,0.00030637254901960784
1701,1,1,0,0.00010212418300653595
1702,2,2,0,0.0002042483660130719
1703,5,5,0,0.0005106209150326798
1704,9,9,0,0.0009191176470588235
1705,2,2,0,0.0002042483660130719
1706,1,1,0,0.00010212418300653595
1707,4,4,0,0.0004084967320261438
1708,6,6,0,0.0006127450980392157
1709,6,6,0,0.0006127450980392157
1710,6,6,0,0.0006127450980392157
1711,1,1,0,0.00010212418300653595
1712,1,1,0,0.00010212418300653595
1713,2,2,0,0.0002042483660130719
1714,5,5,0,0.0005106209150326798
1715,1,1,0,0.00010212418300653595
1716,8,8,0,0.0008169934640522876
1717,2,2,0,0.0002042483660130719
1718,2,2,0,0.0002042483660130719
1719,8,8,0,0.0008169934640522876
1720,8,8,0,0.0008169934640522876
1721,8,8,0,0.0008169934640522876
1722,8,8,0,0.0008169934640522876
1723,8,8,0,0.0008169934640522876
1724,8,8,0,0.0008169934640522876
1725,3,3,0,0.00030637254901960784
1726,3,3,0,0.00030637254901960784
1727,6,6,0,0.0006127450980392157
1728,3,3,0,0.00030637254901960784
1729,6,6,0,0.0006127450980392157
1730,6,6,0,0.0006127450980392157
1731,6,6,0,0.0006127450980392157
1732,6,6,0,0.0006127450980392157
1733,6,6,0,0.0006127450980392157
1734,6,6,0,0.0006127450980392157
1735,4,4,0,0.0004084967320261438
1736,2,2,0,0.0002042483660130719
1737,2,2,0,0.0002042483660130719
1738,3,3,0,0.00030637254901960784
1740,1,1,0,0.00010212418300653595
1742,8,17,9,0.0008169934640522876
1750,2,2,0,0.0002042483660130719
1751,6,6,0,0.0006127450980392157
1752,1,1,0,0.00010212418300653595
1753,3,3,0,0.00030637254901960784
1754,7,7,0,0.0007148692810457516
1755,9,9,0,0.0009191176470588235
1756,7,7,0,0.0007148692810457516
1757,5,5,0,0.0005106209150326798
1758,3,3,0,0.00030637254901960784
1759,1,1,0,0.00010212418300653595
1760,1,1,0,0.00010212418300653595
1761,1,1,0,0.00010212418300653595
1762,2,2,0,0.0002042483660130719
1763,2,2,0,0.0002042483660130719
1764,5,5,0,0.0005106209150326798
1765,4,4,0,0.0004084967320261438
1766,4,4,0,0.0004084967320261438
1767,3,3,0,0.00030637254901960784
1768,3,3,0,0.00030637254901960784
1769,2,2,0,0.0002042483660130719
1770,1,1,0,0.00010212418300653595
1771,3,3,0,0.00030637254901960784
1772,1,1,0,0.00010212418300653595
1773,3,3,0,0.00030637254901960784
1774,7,7,0,0.0007148692810457516
1775,2,2,0,0.0002042483660130719
1783,1,4,3,0.00010212418300653595
1786,1,1,0,0.00010212418300653595
1787,1,2,1,0.00010212418300653595
1789,1,6,5,0.00010212418300653595
1792,2,2,0,0.0002042483660130719
1794,2,2,0,0.0002042483660130719
1795,1,1,0,0.00010212418300653595
1796,5,5,0,0.0005106209150326798
1797,6,6,0,0.0006127450980392157
1798,2,2,0,0.0002042483660130719
1803,22,29,7,0.0022467320261437907
1804,3,6,3,0.00030637254901960784
1805,3,3,0,0.00030637254901960784
1806,2,2,0,0.0002042483660130719
1807,4,4,0,0.0004084967320261438
1808,3,3,0,0.00030637254901960784
1809,2,2,0,0.0002042483660130719
1810,1,1,0,0.00010212418300653595
1811,6,10,4,0.0006127450980392157
1812,3,3,0,0.00030637254901960784
1813,1,1,0,0.00010212418300653595
1814,2,2,0,0.0002042483660130719
1815,11,11,0,0.0011233660130718953
1816,6,6,0,0.0006127450980392157
1817,1,1,0,0.00010212418300653595
1818,2,2,0,0.0002042483660130719
1819,3,3,0,0.00030637254901960784
1820,3,3,0,0.00030637254901960784
1821,3,3,0,0.00030637254901960784
1822,2,2,0,0.0002042483660130719
1823,6,6,0,0.0006127450980392157
1824,8,8,0,0.0008169934640522876
1825,6,6,0,0.0006127450980392157
1826,4,4,0,0.0004084967320261438
1827,6,6,0,0.0006127450980392157
1828,4,4,0,0.0004084967320261438
1829,5,5,0,0.0005106209150326798
1830,3,3,0,0.00030637254901960784
1831,2,2,0,0.0002042483660130719
1832,4,4,0,0.0004084967320261438
1833,4,4,0,0.0004084967320261438
1834,4,4,0,0.0004084967320261438
1835,8,8,0,0.0008169934640522876
1836,4,4,0,0.0004084967320261438
1837,1,1,0,0.00010212418300653595
1838,2,2,0,0.0002042483660130719
1839,4,4,0,0.0004084967320261438
1840,4,4,0,0.0004084967320261438
1841,4,4,0,0.0004084967320261438
1842,4,4,0,0.0004084967320261438
1843,1,1,0,0.00010212418300653595
1844,3,3,0,0.00030637254901960784
1845,3,4,1,0.00030637254901960784
1846,3,3,0,0.00030637254901960784
1847,1,1,0,0.00010212418300653595
1848,6,6,0,0.0006127450980392157
1849,1,12,11,0.00010212418300653595
1850,6,6,0,0.0006127450980392157
1851,1,4,3,0.00010212418300653595
1852,1,1,0,0.00010212418300653595
1853,1,3,2,0.00010212418300653595
1854,2,2,0,0.0002042483660130719
1855,3,3,0,0.00030637254901960784
1856,3,3,0,0.00030637254901960784
1857,3,3,0,0.00030637254901960784
1859,1,1,0,0.00010212418300653595
1862,21,21,0,0.002144607843137255
1863,3,3,0,0.00030637254901960784
1864,2,2,0,0.0002042483660130719
1865,2,2,0,0.0002042483660130719
1866,2,2,0,0.0002042483660130719
1867,2,2,0,0.0002042483660130719
1868,1,1,0,0.00010212418300653595
1869,7,7,0,0.0007148692810457516
1870,7,7,0,0.0007148692810457516
1871,4,4,0,0.0004084967320261438
1872,4,4,0,0.0004084967320261438
1873,2,2,0,0.0002042483660130719
1874,2,2,0,0.0002042483660130719
1875,5,5,0,0.0005106209150326798
1876,3,3,0,0.00030637254901960784
1877,3,3,0,0.00030637254901960784
1878,2,2,0,0.0002042483660130719
1879,1,1,0,0.00010212418300653595
1880,1,1,0,0.00010212418300653595
1881,10,16,6,0.0010212418300653595
1882,1,1,0,0.00010212418300653595
1883,1,1,0,0.00010212418300653595
1884,1,1,0,0.00010212418300653595
1885,2,2,0,0.0002042483660130719
1886,2,2,0,0.0002042483660130719
1891,1,6,5,0.00010212418300653595
1892,1,1,0,0.00010212418300653595
1894,2,8,6,0.0002042483660130719
1896,2,4,2,0.0002042483660130719
1899,3,3,0,0.00030637254901960784
1900,2,2,0,0.0002042483660130719
1904,2,5,3,0.0002042483660130719
1912,3,4,1,0.00030637254901960784
1913,1,1,0,0.00010212418300653595
1917,3,3,0,0.00030637254901960784
1919,6,8,2,0.0006127450980392157
1920,6,8,2,0.0006127450980392157
1921,3,5,2,0.00030637254901960784
1923,1,2,1,0.00010212418300653595
1924,2,2,0,0.0002042483660130719
1925,7,7,0,0.0007148692810457516
1926,3,7,4,0.00030637254901960784
1928,8,15,7,0.0008169934640522876
1931,3,11,8,0.00030637254901960784
1934,2,2,0,0.0002042483660130719
1935,2,4,2,0.0002042483660130719
1936,2,2,0,0.0002042483660130719
1937,1,3,2,0.00010212418300653595
1940,4,7,3,0.0004084967320261438
1941,4,7,3,0.0004084967320261438
1942,1,6,5,0.00010212418300653595
1944,2,2,0,0.0002042483660130719
1945,2,2,0,0.0002042483660130719
1947,3,3,0,0.00030637254901960784
1948,8,8,0,0.0008169934640522876
1949,1,1,0,0.00010212418300653595
1951,1,1,0,0.00010212418300653595
1957,1,3,2,0.00010212418300653595
1958,1,1,0,0.00010212418300653595
1959,4,4,0,0.0004084967320261438
1971,1,2,1,0.00010212418300653595
1973,3,3,0,0.00030637254901960784
1977,2,2,0,0.0002042483660130719
1979,4,6,2,0.0004084967320261438
1980,2,5,3,0.0002042483660130719
1981,3,5,2,0.00030637254901960784
1990,2,6,4,0.0002042483660130719
1991,1,5,4,0.00010212418300653595
1993,2,5,3,0.0002042483660130719
1994,2,5,3,0.0002042483660130719
1997,3,3,0,0.00030637254901960784
2000,3,3,0,0.00030637254901960784
2001,1,1,0,0.00010212418300653595
2005,2,3,1,0.0002042483660130719
2007,3,3,0,0.00030637254901960784
2008,2,2,0,0.0002042483660130719
2011,5,6,1,0.0005106209150326798
2012,7,10,3,0.0007148692810457516
2019,2,4,2,0.0002042483660130719
2020,3,3,0,0.00030637254901960784
2022,3,3,0,0.00030637254901960784
2023,3,3,0,0.00030637254901960784
2028,2,5,3,0.0002042483660130719
2030,2,2,0,0.0002042483660130719
2033,1,1,0,0.00010212418300653595
2034,5,5,0,0.0005106209150326798
2035,3,3,0,0.00030637254901960784
2036,3,3,0,0.00030637254901960784
2037,3,3,0,0.00030637254901960784
2038,3,3,0,0.00030637254901960784
2045,2,2,0,0.0002042483660130719
2047,1,3,2,0.00010212418300653595
2049,1,6,5,0.00010212418300653595
2050,1,5,4,0.00010212418300653595
2051,1,4,3,0.00010212418300653595
2053,3,3,0,0.00030637254901960784
2058,1,1,0,0.00010212418300653595
2059,4,7,3,0.0004084967320261438
2060,1,2,1,0.00010212418300653595
2061,11,11,0,0.0011233660130718953
2068,1,1,0,0.00010212418300653595
2069,2,2,0,0.0002042483660130719
2070,7,7,0,0.0007148692810457516
2071,3,3,0,0.00030637254901960784
2072,2,2,0,0.0002042483660130719
2073,5,5,0,0.0005106209150326798
2074,5,5,0,0.0005106209150326798
2075,2,2,0,0.0002042483660130719
2076,2,2,0,0.0002042483660130719
2077,5,5,0,0.0005106209150326798
2078,4,4,0,0.0004084967320261438
2079,4,4,0,0.0004084967320261438
2080,4,4,0,0.0004084967320261438
2081,5,5,0,0.0005106209150326798
2082,4,4,0,0.0004084967320261438
2083,4,4,0,0.0004084967320261438
2084,4,4,0,0.0004084967320261438
2085,3,3,0,0.00030637254901960784
2086,4,4,0,0.0004084967320261438
2087,4,4,0,0.0004084967320261438
2088,3,3,0,0.00030637254901960784
2089,8,8,0,0.0008169934640522876
2090,4,4,0,0.0004084967320261438
2091,3,3,0,0.00030637254901960784
2092,1,1,0,0.00010212418300653595
2093,2,2,0,0.0002042483660130719
2094,2,2,0,0.0002042483660130719
2095,3,3,0,0.00030637254901960784
2096,7,7,0,0.0007148692810457516
2097,24,24,0,0.0024509803921568627
2098,7,7,0,0.0007148692810457516
2099,7,7,0,0.0007148692810457516
2100,7,7,0,0.0007148692810457516
2101,6,6,0,0.0006127450980392157
2102,10,10,0,0.0010212418300653595
2103,11,11,0,0.0011233660130718953
2104,4,4,0,0.0004084967320261438
2105,1,1,0,0.00010212418300653595
2106,1,1,0,0.00010212418300653595
2107,3,3,0,0.00030637254901960784
2108,6,6,0,0.0006127450980392157
2109,3,3,0,0.00030637254901960784
2110,3,3,0,0.00030637254901960784
2111,7,7,0,0.0007148692810457516
2112,4,4,0,0.0004084967320261438
2113,3,3,0,0.00030637254901960784
2114,3,3,0,0.00030637254901960784
2115,3,3,0,0.00030637254901960784
2116,5,5,0,0.0005106209150326798
2117,3,3,0,0.00030637254901960784
2118,4,4,0,0.0004084967320261438
2119,1,1,0,0.00010212418300653595
2120,1,1,0,0.00010212418300653595
2121,1,1,0,0.00010212418300653595
2122,3,3,0,0.00030637254901960784
2123,10,10,0,0.0010212418300653595
2124,10,10,0,0.0010212418300653595
2125,10,10,0,0.0010212418300653595
2126,10,10,0,0.0010212418300653595
2127,10,10,0,0.0010212418300653595
2128,10,10,0,0.0010212418300653595
2129,10,10,0,0.0010212418300653595
2130,10,10,0,0.0010212418300653595
2131,10,15,5,0.0010212418300653595
2132,10,10,0,0.0010212418300653595
2133,3,3,0,0.00030637254901960784
2134,2,2,0,0.0002042483660130719
2135,5,5,0,0.0005106209150326798
2136,3,3,0,0.00030637254901960784
2137,4,5,1,0.0004084967320261438
2138,4,4,0,0.0004084967320261438
2139,1,1,0,0.00010212418300653595
2140,2,2,0,0.0002042483660130719
2141,1,1,0,0.00010212418300653595
2142,2,2,0,0.0002042483660130719
2143,1,1,0,0.00010212418300653595
2144,3,3,0,0.00030637254901960784
2145,2,2,0,0.0002042483660130719
2146,4,4,0,0.0004084967320261438
2147,1,1,0,0.00010212418300653595
2148,3,3,0,0.00030637254901960784
2149,2,2,0,0.0002042483660130719
2150,4,4,0,0.0004084967320261438
2151,3,3,0,0.00030637254901960784
2152,3,3,0,0.00030637254901960784
2153,3,3,0,0.00030637254901960784
2154,3,3,0,0.00030637254901960784
2155,5,5,0,0.0005106209150326798
2156,5,5,0,0.0005106209150326798
2157,4,4,0,0.0004084967320261438
2158,2,2,0,0.0002042483660130719
2159,2,2,0,0.0002042483660130719
2160,5,5,0,0.0005106209150326798
2161,6,6,0,0.0006127450980392157
2162,4,4,0,0.0004084967320261438
2163,5,5,0,0.0005106209150326798
2164,3,3,0,0.00030637254901960784
2165,2,2,0,0.0002042483660130719
2166,2,2,0,0.0002042483660130719
2167,2,2,0,0.0002042483660130719
2168,2,2,0,0.0002042483660130719
2169,11,11,0,0.0011233660130718953
2170,2,2,0,0.0002042483660130719
2171,3,3,0,0.00030637254901960784
2172,4,4,0,0.0004084967320261438
2173,13,13,0,0.0013276143790849674
2174,4,4,0,0.0004084967320261438
2175,4,4,0,0.0004084967320261438
2176,2,2,0,0.0002042483660130719
2177,1,1,0,0.00010212418300653595
2178,3,3,0,0.00030637254901960784
2179,5,5,0,0.0005106209150326798
2180,2,2,0,0.0002042483660130719
2181,1,1,0,0.00010212418300653595
2182,1,1,0,0.00010212418300653595
2184,1,1,0,0.00010212418300653595
2185,2,2,0,0.0002042483660130719
2187,6,6,0,0.0006127450980392157
2190,2,7,5,0.0002042483660130719
2191,3,3,0,0.00030637254901960784
2193,6,6,0,0.0006127450980392157
2194,1,7,6,0.00010212418300653595
2195,1,2,1,0.00010212418300653595
2196,2,2,0,0.0002042483660130719
2198,1,1,0,0.00010212418300653595
2208,2,2,0,0.0002042483660130719
2213,1,4,3,0.00010212418300653595
2224,5,5,0,0.0005106209150326798
2226,5,8,3,0.0005106209150326798
2227,1,1,0,0.00010212418300653595
2228,7,7,0,0.0007148692810457516
2244,2,2,0,0.0002042483660130719
2245,2,2,0,0.0002042483660130719
2246,2,2,0,0.0002042483660130719
2247,1,1,0,0.00010212418300653595
2248,3,3,0,0.00030637254901960784
2249,1,1,0,0.00010212418300653595
2250,3,3,0,0.00030637254901960784
2251,5,5,0,0.0005106209150326798
2252,2,2,0,0.0002042483660130719
2253,3,3,0,0.00030637254901960784
2254,5,5,0,0.0005106209150326798
2255,5,5,0,0.0005106209150326798
2256,1,1,0,0.00010212418300653595
2257,1,1,0,0.00010212418300653595
2258,5,5,0,0.0005106209150326798
2259,5,5,0,0.0005106209150326798
2260,5,5,0,0.0005106209150326798
2261,1,1,0,0.00010212418300653595
2262,3,3,0,0.00030637254901960784
2263,4,4,0,0.0004084967320261438
2264,2,2,0,0.0002042483660130719
2265,6,6,0,0.0006127450980392157
2266,6,6,0,0.0006127450980392157
2267,6,6,0,0.0006127450980392157
2268,6,6,0,0.0006127450980392157
2269,6,6,0,0.0006127450980392157
2270,1,1,0,0.00010212418300653595
2272,8,11,3,0.0008169934640522876
2273,2,2,0,0.0002042483660130719
2274,4,4,0,0.0004084967320261438
2275,9,9,0,0.0009191176470588235
2276,1,1,0,0.00010212418300653595
2277,3,3,0,0.00030637254901960784
2278,3,3,0,0.00030637254901960784
2279,11,11,0,0.0011233660130718953
2280,4,4,0,0.0004084967320261438
2281,16,16,0,0.0016339869281045752
2282,2,2,0,0.0002042483660130719
2283,4,4,0,0.0004084967320261438
2284,3,3,0,0.00030637254901960784
2285,2,2,0,0.0002042483660130719
2286,3,3,0,0.00030637254901960784
2287,2,2,0,0.0002042483660130719
2304,1,1,0,0.00010212418300653595
2305,5,5,0,0.0005106209150326798
2307,1,1,0,0.00010212418300653595
2309,1,1,0,0.00010212418300653595
2312,3,3,0,0.00030637254901960784
2313,4,4,0,0.0004084967320261438
2314,2,2,0,0.0002042483660130719
2320,3,3,0,0.00030637254901960784
2321,1,1,0,0.00010212418300653595
2322,1,1,0,0.00010212418300653595
2323,2,2,0,0.0002042483660130719
2324,6,6,0,0.0006127450980392157
2325,3,3,0,0.00030637254901960784
2326,1,1,0,0.00010212418300653595
2327,4,4,0,0.0004084967320261438
2328,4,4,0,0.0004084967320261438
2329,4,4,0,0.0004084967320261438
2330,4,4,0,0.0004084967320261438
2331,3,3,0,0.00030637254901960784
2332,11,11,0,0.0011233660130718953
2333,2,2,0,0.0002042483660130719
2334,4,4,0,0.0004084967320261438
2335,3,3,0,0.00030637254901960784
2336,6,6,0,0.0006127450980392157
2337,2,2,0,0.0002042483660130719
2338,1,1,0,0.00010212418300653595
2339,4,4,0,0.0004084967320261438
2340,4,4,0,0.0004084967320261438
2341,4,4,0,0.0004084967320261438
2342,4,4,0,0.0004084967320261438
2343,4,4,0,0.0004084967320261438
2344,4,4,0,0.0004084967320261438
2345,3,3,0,0.00030637254901960784
2346,2,2,0,0.0002042483660130719
2347,4,4,0,0.0004084967320261438
2348,4,4,0,0.0004084967320261438
2349,2,2,0,0.0002042483660130719
2350,3,3,0,0.00030637254901960784
2351,1,1,0,0.00010212418300653595
2352,4,4,0,0.0004084967320261438
2353,3,3,0,0.00030637254901960784
2354,3,3,0,0.00030637254901960784
2355,7,7,0,0.0007148692810457516
2356,4,4,0,0.0004084967320261438
2357,14,14,0,0.0014297385620915032
2358,2,2,0,0.0002042483660130719
2359,2,2,0,0.0002042483660130719
2360,2,2,0,0.0002042483660130719
2361,1,1,0,0.00010212418300653595
2362,1,1,0,0.00010212418300653595
2363,13,13,0,0.0013276143790849674
2368,1,1,0,0.00010212418300653595
2369,6,6,0,0.0006127450980392157
2370,5,5,0,0.0005106209150326798
2371,11,11,0,0.0011233660130718953
2372,3,3,0,0.00030637254901960784
2373,3,3,0,0.00030637254901960784
2374,2,2,0,0.0002042483660130719
2375,2,2,0,0.0002042483660130719
2376,2,2,0,0.0002042483660130719
2377,2,2,0,0.0002042483660130719
2378,3,3,0,0.00030637254901960784
2379,3,3,0,0.00030637254901960784
2380,2,2,0,0.0002042483660130719
2381,1,1,0,0.00010212418300653595
2382,7,7,0,0.0007148692810457516
2383,2,2,0,0.0002042483660130719
2384,3,3,0,0.00030637254901960784
2385,3,3,0,0.00030637254901960784
2386,3,3,0,0.00030637254901960784
2387,2,2,0,0.0002042483660130719
2388,3,3,0,0.00030637254901960784
2389,4,4,0,0.0004084967320261438
2390,4,4,0,0.0004084967320261438
2391,6,6,0,0.0006127450980392157
2392,2,2,0,0.0002042483660130719
2393,2,2,0,0.0002042483660130719
2394,1,1,0,0.00010212418300653595
2395,2,2,0,0.0002042483660130719
2396,1,1,0,0.00010212418300653595
2397,2,2,0,0.0002042483660130719
2398,4,4,0,0.0004084967320261438
2399,3,3,0,0.00030637254901960784
2400,9,9,0,0.0009191176470588235
2401,6,6,0,0.0006127450980392157
2402,10,10,0,0.0010212418300653595
2403,9,9,0,0.0009191176470588235
2404,9,9,0,0.0009191176470588235
2405,2,2,0,0.0002042483660130719
2406,1,1,0,0.00010212418300653595
2407,3,3,0,0.00030637254901960784
2408,3,3,0,0.00030637254901960784
2409,2,2,0,0.0002042483660130719
2410,1,1,0,0.00010212418300653595
2411,2,2,0,0.0002042483660130719
2412,1,1,0,0.00010212418300653595
2413,2,2,0,0.0002042483660130719
2414,2,2,0,0.0002042483660130719
2415,3,3,0,0.00030637254901960784
2416,3,3,0,0.00030637254901960784
2417,1,1,0,0.00010212418300653595
2418,2,2,0,0.0002042483660130719
2420,1,1,0,0.00010212418300653595
2423,3,3,0,0.00030637254901960784
2424,4,4,0,0.0004084967320261438
2425,1,1,0,0.00010212418300653595
2426,1,1,0,0.00010212418300653595
2427,3,3,0,0.00030637254901960784
2428,2,2,0,0.0002042483660130719
2430,3,3,0,0.00030637254901960784
2432,3,3,0,0.00030637254901960784
2433,3,3,0,0.00030637254901960784
2434,3,3,0,0.00030637254901960784
2436,1,3,2,0.00010212418300653595
2437,1,3,2,0.00010212418300653595
2439,2,2,0,0.0002042483660130719
2440,2,2,0,0.0002042483660130719
2441,2,2,0,0.0002042483660130719
2442,3,3,0,0.00030637254901960784
2443,3,3,0,0.00030637254901960784
2444,3,3,0,0.00030637254901960784
2445,2,2,0,0.0002042483660130719
2446,4,4,0,0.0004084967320261438
2447,3,3,0,0.00030637254901960784
2448,7,7,0,0.0007148692810457516
2449,4,4,0,0.0004084967320261438
2450,8,8,0,0.0008169934640522876
2451,8,8,0,0.0008169934640522876
2452,8,8,0,0.0008169934640522876
2453,1,1,0,0.00010212418300653595
2454,1,1,0,0.00010212418300653595
2455,1,1,0,0.00010212418300653595
2456,6,6,0,0.0006127450980392157
2457,2,2,0,0.0002042483660130719
2458,4,4,0,0.0004084967320261438
2459,3,3,0,0.00030637254901960784
2460,3,3,0,0.00030637254901960784
2461,7,7,0,0.0007148692810457516
2462,3,3,0,0.00030637254901960784
2463,3,3,0,0.00030637254901960784
2464,3,3,0,0.00030637254901960784
2465,5,5,0,0.0005106209150326798
2466,4,4,0,0.0004084967320261438
2467,2,2,0,0.0002042483660130719
2468,2,2,0,0.0002042483660130719
2469,3,3,0,0.00030637254901960784
2470,2,2,0,0.0002042483660130719
2471,4,4,0,0.0004084967320261438
2472,2,2,0,0.0002042483660130719
2473,7,7,0,0.0007148692810457516
2474,3,3,0,0.00030637254901960784
2475,2,2,0,0.0002042483660130719
2476,2,2,0,0.0002042483660130719
2477,5,5,0,0.0005106209150326798
2478,5,5,0,0.0005106209150326798
2479,2,2,0,0.0002042483660130719
2480,1,1,0,0.00010212418300653595
2481,1,1,0,0.00010212418300653595
2482,1,1,0,0.00010212418300653595
2483,3,3,0,0.00030637254901960784
2484,3,3,0,0.00030637254901960784
2485,2,2,0,0.0002042483660130719
2486,2,2,0,0.0002042483660130719
2487,4,4,0,0.0004084967320261438
2488,6,6,0,0.0006127450980392157
2489,4,4,0,0.0004084967320261438
2490,2,2,0,0.0002042483660130719
2491,2,5,3,0.0002042483660130719
2492,3,3,0,0.00030637254901960784
2493,2,2,0,0.0002042483660130719
2494,4,4,0,0.0004084967320261438
2495,11,11,0,0.0011233660130718953
2496,11,11,0,0.0011233660130718953
2497,11,11,0,0.0011233660130718953
2498,12,12,0,0.0012254901960784314
2499,11,11,0,0.0011233660130718953
2500,11,11,0,0.0011233660130718953
2501,11,11,0,0.0011233660130718953
2502,2,2,0,0.0002042483660130719
2503,2,2,0,0.0002042483660130719
2504,2,2,0,0.0002042483660130719
2505,2,2,0,0.0002042483660130719
2506,2,2,0,0.0002042483660130719
2507,2,2,0,0.0002042483660130719
2508,2,2,0,0.0002042483660130719
2509,4,4,0,0.0004084967320261438
2510,4,4,0,0.0004084967320261438
2511,1,1,0,0.00010212418300653595
2512,7,7,0,0.0007148692810457516
2513,3,3,0,0.00030637254901960784
2514,1,1,0,0.00010212418300653595
2515,2,2,0,0.0002042483660130719
2516,2,2,0,0.0002042483660130719
2517,7,7,0,0.0007148692810457516
2518,2,2,0,0.0002042483660130719
2519,1,1,0,0.00010212418300653595
2520,1,1,0,0.00010212418300653595
2521,3,3,0,0.00030637254901960784
2522,4,4,0,0.0004084967320261438
2523,1,1,0,0.00010212418300653595
2524,2,2,0,0.0002042483660130719
2525,1,1,0,0.00010212418300653595
2526,2,2,0,0.0002042483660130719
2527,2,2,0,0.0002042483660130719
2528,8,8,0,0.0008169934640522876
2529,8,8,0,0.0008169934640522876
2530,8,8,0,0.0008169934640522876
2531,8,8,0,0.0008169934640522876
2532,8,8,0,0.0008169934640522876
2533,2,2,0,0.0002042483660130719
2534,1,1,0,0.00010212418300653595
2535,1,1,0,0.00010212418300653595
2536,3,3,0,0.00030637254901960784
2537,2,2,0,0.0002042483660130719
2538,2,2,0,0.0002042483660130719
2539,2,2,0,0.0002042483660130719
2540,6,6,0,0.0006127450980392157
2541,1,1,0,0.00010212418300653595
2542,1,1,0,0.00010212418300653595
2543,3,3,0,0.00030637254901960784
2544,1,1,0,0.00010212418300653595
2545,2,2,0,0.0002042483660130719
2546,1,1,0,0.00010212418300653595
2547,2,2,0,0.0002042483660130719
2548,3,3,0,0.00030637254901960784
2549,1,1,0,0.00010212418300653595
2550,7,7,0,0.0007148692810457516
2551,1,1,0,0.00010212418300653595
2552,2,2,0,0.0002042483660130719
2553,4,4,0,0.0004084967320261438
2554,4,4,0,0.0004084967320261438
2555,2,2,0,0.0002042483660130719
2556,5,5,0,0.0005106209150326798
2557,5,5,0,0.0005106209150326798
2558,2,2,0,0.0002042483660130719
2559,7,7,0,0.0007148692810457516
2560,1,1,0,0.00010212418300653595
2561,2,2,0,0.0002042483660130719
2562,1,1,0,0.00010212418300653595
2563,2,2,0,0.0002042483660130719
2564,2,2,0,0.0002042483660130719
2565,3,3,0,0.00030637254901960784
2566,3,3,0,0.00030637254901960784
2567,7,7,0,0.0007148692810457516
2568,7,7,0,0.0007148692810457516
2569,2,2,0,0.0002042483660130719
2570,4,4,0,0.0004084967320261438
2571,5,5,0,0.0005106209150326798
2572,2,2,0,0.0002042483660130719
2573,2,2,0,0.0002042483660130719
2574,3,3,0,0.00030637254901960784
2575,3,3,0,0.00030637254901960784
2576,3,3,0,0.00030637254901960784
2577,1,1,0,0.00010212418300653595
2578,1,1,0,0.00010212418300653595
2579,3,3,0,0.00030637254901960784
2580,2,2,0,0.0002042483660130719
2581,2,2,0,0.0002042483660130719
2582,2,2,0,0.0002042483660130719
2583,1,1,0,0.00010212418300653595
2584,2,2,0,0.0002042483660130719
2585,3,3,0,0.00030637254901960784
2586,1,1,0,0.00010212418300653595
2587,2,2,0,0.0002042483660130719
2588,4,4,0,0.0004084967320261438
2589,2,2,0,0.0002042483660130719
2590,1,1,0,0.00010212418300653595
2591,4,4,0,0.0004084967320261438
2592,3,3,0,0.00030637254901960784
2593,4,4,0,0.0004084967320261438
2594,1,1,0,0.00010212418300653595
2595,5,5,0,0.0005106209150326798
2596,5,5,0,0.0005106209150326798
2597,3,3,0,0.00030637254901960784
2599,3,3,0,0.00030637254901960784
2600,2,2,0,0.0002042483660130719
2601,2,2,0,0.0002042483660130719
2602,2,2,0,0.0002042483660130719
2603,3,3,0,0.00030637254901960784
2605,2,2,0,0.0002042483660130719
2606,3,3,0,0.00030637254901960784
2607,1,1,0,0.00010212418300653595
2608,3,3,0,0.00030637254901960784
2609,3,3,0,0.00030637254901960784
2610,1,1,0,0.00010212418300653595
2611,2,2,0,0.0002042483660130719
2612,3,3,0,0.00030637254901960784
2613,1,1,0,0.00010212418300653595
2614,3,3,0,0.00030637254901960784
2615,3,3,0,0.00030637254901960784
2616,3,3,0,0.00030637254901960784
2617,4,4,0,0.0004084967320261438
2618,4,4,0,0.0004084967320261438
2619,1,1,0,0.00010212418300653595
2620,2,2,0,0.0002042483660130719
2621,2,2,0,0.0002042483660130719
2622,1,1,0,0.00010212418300653595
2623,3,3,0,0.00030637254901960784
2624,4,4,0,0.0004084967320261438
2625,4,4,0,0.0004084967320261438
2626,4,4,0,0.0004084967320261438
2627,3,3,0,0.00030637254901960784
2628,2,2,0,0.0002042483660130719
2629,2,2,0,0.0002042483660130719
2630,1,1,0,0.00010212418300653595
2631,1,1,0,0.00010212418300653595
2632,2,2,0,0.0002042483660130719
2633,1,1,0,0.00010212418300653595
2634,1,1,0,0.00010212418300653595
2635,5,5,0,0.0005106209150326798
2636,5,5,0,0.0005106209150326798
2637,5,5,0,0.0005106209150326798
2638,2,2,0,0.0002042483660130719
2639,2,2,0,0.0002042483660130719
2640,2,2,0,0.0002042483660130719
2641,3,3,0,0.00030637254901960784
2642,1,1,0,0.00010212418300653595
2643,1,1,0,0.00010212418300653595
2644,1,1,0,0.00010212418300653595
2646,2,2,0,0.0002042483660130719
2647,2,2,0,0.0002042483660130719
2648,2,2,0,0.0002042483660130719
2651,2,2,0,0.0002042483660130719
2658,1,1,0,0.00010212418300653595
2659,4,4,0,0.0004084967320261438
2660,1,1,0,0.00010212418300653595
2661,1,1,0,0.00010212418300653595
2662,2,2,0,0.0002042483660130719
2663,5,5,0,0.0005106209150326798
2664,5,5,0,0.0005106209150326798
2665,3,3,0,0.00030637254901960784
2666,2,2,0,0.0002042483660130719
2667,2,2,0,0.0002042483660130719
2668,3,3,0,0.00030637254901960784
2669,3,3,0,0.00030637254901960784
2670,1,1,0,0.00010212418300653595
2671,2,2,0,0.0002042483660130719
2672,2,2,0,0.0002042483660130719
2673,4,4,0,0.0004084967320261438
2674,2,2,0,0.0002042483660130719
2675,5,5,0,0.0005106209150326798
2676,3,3,0,0.00030637254901960784
2677,3,3,0,0.00030637254901960784
2678,3,3,0,0.00030637254901960784
2679,3,3,0,0.00030637254901960784
2680,4,4,0,0.0004084967320261438
2681,5,5,0,0.0005106209150326798
2682,2,2,0,0.0002042483660130719
2683,2,2,0,0.0002042483660130719
2684,2,2,0,0.0002042483660130719
2685,3,3,0,0.00030637254901960784
2686,1,1,0,0.00010212418300653595
2687,2,2,0,0.0002042483660130719
2688,5,5,0,0.0005106209150326798
2689,3,3,0,0.00030637254901960784
2690,1,1,0,0.00010212418300653595
2691,3,3,0,0.00030637254901960784
2692,3,3,0,0.00030637254901960784
2693,1,1,0,0.00010212418300653595
2694,3,3,0,0.00030637254901960784
2695,4,4,0,0.0004084967320261438
2696,4,4,0,0.0004084967320261438
2697,1,1,0,0.00010212418300653595
2698,4,4,0,0.0004084967320261438
2699,1,1,0,0.00010212418300653595
2700,1,1,0,0.00010212418300653595
2701,2,2,0,0.0002042483660130719
2702,3,3,0,0.00030637254901960784
2703,3,3,0,0.00030637254901960784
2704,2,2,0,0.0002042483660130719
2705,6,6,0,0.0006127450980392157
2706,3,3,0,0.00030637254901960784
2707,2,2,0,0.0002042483660130719
2708,3,3,0,0.00030637254901960784
2709,3,3,0,0.00030637254901960784
2710,1,1,0,0.00010212418300653595
2711,3,3,0,0.00030637254901960784
2712,1,1,0,0.00010212418300653595
2713,2,2,0,0.0002042483660130719
2714,2,2,0,0.0002042483660130719
2715,2,2,0,0.0002042483660130719
2716,2,2,0,0.0002042483660130719
2717,5,5,0,0.0005106209150326798
2718,2,2,0,0.0002042483660130719
2723,1,1,0,0.00010212418300653595
2724,4,4,0,0.0004084967320261438
2725,3,3,0,0.00030637254901960784
2726,1,1,0,0.00010212418300653595
2730,1,1,0,0.00010212418300653595
2731,1,1,0,0.00010212418300653595
2732,5,5,0,0.0005106209150326798
2733,1,1,0,0.00010212418300653595
2734,1,1,0,0.00010212418300653595
2735,4,4,0,0.0004084967320261438
2736,4,4,0,0.0004084967320261438
2737,1,1,0,0.00010212418300653595
2738,3,3,0,0.00030637254901960784
2739,2,2,0,0.0002042483660130719
2740,2,2,0,0.0002042483660130719
2741,1,1,0,0.00010212418300653595
2743,2,2,0,0.0002042483660130719
2744,3,3,0,0.00030637254901960784
2745,3,3,0,0.00030637254901960784
