node,degree_x,degree_y,degree_increase,degree_prob_x
2,2,3,1,0.0002042483660130719
3,3,3,0,0.00030637254901960784
4,2,3,1,0.0002042483660130719
5,8,8,0,0.0008169934640522876
6,3,5,2,0.00030637254901960784
9,2,6,4,0.0002042483660130719
12,3,5,2,0.00030637254901960784
13,1,3,2,0.00010212418300653595
14,14,18,4,0.0014297385620915032
15,4,4,0,0.0004084967320261438
16,2,3,1,0.0002042483660130719
17,2,3,1,0.0002042483660130719
18,4,5,1,0.0004084967320261438
19,24,31,7,0.0024509803921568627
20,1,5,4,0.00010212418300653595
21,2,4,2,0.0002042483660130719
23,1,5,4,0.00010212418300653595
24,9,10,1,0.0009191176470588235
25,2,5,3,0.0002042483660130719
26,8,11,3,0.0008169934640522876
27,1,7,6,0.00010212418300653595
29,4,6,2,0.0004084967320261438
31,1,2,1,0.00010212418300653595
32,2,2,0,0.0002042483660130719
33,4,4,0,0.0004084967320261438
34,1,2,1,0.00010212418300653595
35,4,5,1,0.0004084967320261438
36,2,3,1,0.0002042483660130719
38,3,4,1,0.00030637254901960784
39,7,9,2,0.0007148692810457516
41,1,4,3,0.00010212418300653595
42,1,1,0,0.00010212418300653595
43,1,1,0,0.00010212418300653595
44,1,1,0,0.00010212418300653595
45,5,5,0,0.0005106209150326798
46,1,1,0,0.00010212418300653595
47,3,3,0,0.00030637254901960784
48,3,4,1,0.00030637254901960784
49,4,4,0,0.0004084967320261438
50,3,3,0,0.00030637254901960784
51,3,3,0,0.00030637254901960784
52,2,2,0,0.0002042483660130719
53,14,20,6,0.0014297385620915032
54,4,4,0,0.0004084967320261438
56,1,2,1,0.00010212418300653595
57,1,3,2,0.00010212418300653595
58,4,9,5,0.0004084967320261438
59,1,3,2,0.00010212418300653595
60,6,13,7,0.0006127450980392157
61,5,6,1,0.0005106209150326798
64,3,4,1,0.00030637254901960784
65,4,4,0,0.0004084967320261438
66,4,4,0,0.0004084967320261438
67,5,6,1,0.0005106209150326798
68,4,4,0,0.0004084967320261438
69,4,4,0,0.0004084967320261438
70,3,4,1,0.00030637254901960784
71,3,3,0,0.00030637254901960784
72,11,11,0,0.0011233660130718953
73,4,4,0,0.0004084967320261438
74,4,4,0,0.0004084967320261438
75,12,12,0,0.0012254901960784314
76,3,3,0,0.00030637254901960784
77,3,3,0,0.00030637254901960784
78,3,3,0,0.00030637254901960784
79,1,1,0,0.00010212418300653595
80,1,2,1,0.00010212418300653595
81,1,1,0,0.00010212418300653595
82,3,3,0,0.00030637254901960784
83,1,1,0,0.00010212418300653595
85,7,7,0,0.0007148692810457516
86,8,8,0,0.0008169934640522876
87,8,8,0,0.0008169934640522876
90,2,3,1,0.0002042483660130719
92,2,2,0,0.0002042483660130719
93,1,2,1,0.00010212418300653595
94,1,5,4,0.00010212418300653595
95,1,1,0,0.00010212418300653595
96,5,6,1,0.0005106209150326798
97,1,1,0,0.00010212418300653595
98,2,2,0,0.0002042483660130719
99,2,2,0,0.0002042483660130719
100,2,2,0,0.0002042483660130719
101,10,10,0,0.0010212418300653595
102,3,3,0,0.00030637254901960784
103,4,4,0,0.0004084967320261438
104,1,2,1,0.00010212418300653595
107,1,1,0,0.00010212418300653595
108,3,3,0,0.00030637254901960784
109,6,6,0,0.0006127450980392157
110,1,1,0,0.00010212418300653595
111,2,2,0,0.0002042483660130719
112,12,15,3,0.0012254901960784314
113,1,1,0,0.00010212418300653595
114,2,2,0,0.0002042483660130719
115,2,3,1,0.0002042483660130719
117,1,2,1,0.00010212418300653595
118,5,5,0,0.0005106209150326798
119,4,5,1,0.0004084967320261438
120,5,5,0,0.0005106209150326798
121,4,4,0,0.0004084967320261438
122,2,2,0,0.0002042483660130719
123,1,1,0,0.00010212418300653595
125,2,2,0,0.0002042483660130719
126,2,2,0,0.0002042483660130719
127,4,4,0,0.0004084967320261438
128,4,4,0,0.0004084967320261438
129,13,13,0,0.0013276143790849674
130,2,2,0,0.0002042483660130719
131,2,2,0,0.0002042483660130719
132,2,2,0,0.0002042483660130719
133,4,4,0,0.0004084967320261438
134,5,5,0,0.0005106209150326798
135,2,2,0,0.0002042483660130719
136,8,8,0,0.0008169934640522876
137,3,3,0,0.00030637254901960784
138,1,1,0,0.00010212418300653595
139,3,3,0,0.00030637254901960784
140,1,1,0,0.00010212418300653595
141,2,4,2,0.0002042483660130719
146,3,6,3,0.00030637254901960784
147,2,6,4,0.0002042483660130719
148,1,1,0,0.00010212418300653595
149,1,1,0,0.00010212418300653595
150,4,4,0,0.0004084967320261438
151,1,1,0,0.00010212418300653595
152,4,5,1,0.0004084967320261438
153,4,4,0,0.0004084967320261438
154,1,1,0,0.00010212418300653595
155,3,3,0,0.00030637254901960784
156,4,4,0,0.0004084967320261438
157,1,2,1,0.00010212418300653595
158,1,1,0,0.00010212418300653595
159,2,3,1,0.0002042483660130719
162,2,4,2,0.0002042483660130719
163,2,4,2,0.0002042483660130719
164,3,4,1,0.00030637254901960784
165,8,11,3,0.0008169934640522876
166,1,1,0,0.00010212418300653595
167,2,4,2,0.0002042483660130719
168,1,2,1,0.00010212418300653595
169,2,3,1,0.0002042483660130719
172,1,1,0,0.00010212418300653595
173,1,3,2,0.00010212418300653595
176,16,23,7,0.0016339869281045752
177,1,1,0,0.00010212418300653595
178,1,1,0,0.00010212418300653595
179,1,1,0,0.00010212418300653595
180,2,2,0,0.0002042483660130719
181,2,2,0,0.0002042483660130719
182,1,1,0,0.00010212418300653595
183,2,2,0,0.0002042483660130719
184,2,2,0,0.0002042483660130719
185,13,20,7,0.0013276143790849674
186,9,10,1,0.0009191176470588235
188,4,5,1,0.0004084967320261438
189,2,3,1,0.0002042483660130719
190,3,6,3,0.00030637254901960784
191,3,28,25,0.00030637254901960784
192,1,3,2,0.00010212418300653595
193,8,8,0,0.0008169934640522876
194,5,6,1,0.0005106209150326798
195,1,1,0,0.00010212418300653595
196,2,2,0,0.0002042483660130719
197,1,1,0,0.00010212418300653595
198,15,15,0,0.0015318627450980392
199,21,22,1,0.002144607843137255
200,9,11,2,0.0009191176470588235
201,1,2,1,0.00010212418300653595
202,1,2,1,0.00010212418300653595
203,2,2,0,0.0002042483660130719
204,11,11,0,0.0011233660130718953
205,2,5,3,0.0002042483660130719
206,2,7,5,0.0002042483660130719
208,4,4,0,0.0004084967320261438
209,3,8,5,0.00030637254901960784
210,9,14,5,0.0009191176470588235
212,1,4,3,0.00010212418300653595
213,10,13,3,0.0010212418300653595
214,1,1,0,0.00010212418300653595
215,3,4,1,0.00030637254901960784
217,4,4,0,0.0004084967320261438
218,6,7,1,0.0006127450980392157
219,6,7,1,0.0006127450980392157
220,5,7,2,0.0005106209150326798
221,2,2,0,0.0002042483660130719
222,16,16,0,0.0016339869281045752
223,5,5,0,0.0005106209150326798
224,5,5,0,0.0005106209150326798
225,3,3,0,0.00030637254901960784
226,17,22,5,0.001736111111111111
227,11,11,0,0.0011233660130718953
228,1,1,0,0.00010212418300653595
229,11,11,0,0.0011233660130718953
230,1,2,1,0.00010212418300653595
231,3,4,1,0.00030637254901960784
232,3,4,1,0.00030637254901960784
233,18,18,0,0.001838235294117647
235,1,2,1,0.00010212418300653595
236,1,1,0,0.00010212418300653595
238,24,33,9,0.0024509803921568627
239,2,3,1,0.0002042483660130719
240,3,8,5,0.00030637254901960784
241,4,4,0,0.0004084967320261438
242,10,11,1,0.0010212418300653595
243,2,2,0,0.0002042483660130719
244,12,12,0,0.0012254901960784314
245,3,10,7,0.00030637254901960784
246,3,3,0,0.00030637254901960784
247,3,3,0,0.00030637254901960784
248,5,5,0,0.0005106209150326798
249,3,3,0,0.00030637254901960784
250,9,12,3,0.0009191176470588235
251,1,2,1,0.00010212418300653595
252,13,20,7,0.0013276143790849674
253,23,23,0,0.0023488562091503267
254,4,4,0,0.0004084967320261438
255,18,19,1,0.001838235294117647
256,1,5,4,0.00010212418300653595
258,4,7,3,0.0004084967320261438
259,5,7,2,0.0005106209150326798
260,8,8,0,0.0008169934640522876
261,8,13,5,0.0008169934640522876
262,11,24,13,0.0011233660130718953
263,2,2,0,0.0002042483660130719
264,14,22,8,0.0014297385620915032
265,5,5,0,0.0005106209150326798
266,17,19,2,0.001736111111111111
267,2,9,7,0.0002042483660130719
268,4,7,3,0.0004084967320261438
269,3,5,2,0.00030637254901960784
270,2,5,3,0.0002042483660130719
271,1,6,5,0.00010212418300653595
272,1,6,5,0.00010212418300653595
273,8,11,3,0.0008169934640522876
275,3,5,2,0.00030637254901960784
277,1,5,4,0.00010212418300653595
278,4,6,2,0.0004084967320261438
279,4,6,2,0.0004084967320261438
280,4,7,3,0.0004084967320261438
281,4,7,3,0.0004084967320261438
282,1,2,1,0.00010212418300653595
284,4,7,3,0.0004084967320261438
285,1,1,0,0.00010212418300653595
286,5,5,0,0.0005106209150326798
287,1,4,3,0.00010212418300653595
288,1,2,1,0.00010212418300653595
289,1,4,3,0.00010212418300653595
290,1,1,0,0.00010212418300653595
291,3,5,2,0.00030637254901960784
292,1,2,1,0.00010212418300653595
293,2,4,2,0.0002042483660130719
294,1,1,0,0.00010212418300653595
295,1,7,6,0.00010212418300653595
296,6,23,17,0.0006127450980392157
297,7,14,7,0.0007148692810457516
298,4,12,8,0.0004084967320261438
299,5,13,8,0.0005106209150326798
300,3,7,4,0.00030637254901960784
301,1,12,11,0.00010212418300653595
302,9,26,17,0.0009191176470588235
303,6,6,0,0.0006127450980392157
304,2,2,0,0.0002042483660130719
305,7,7,0,0.0007148692810457516
308,23,33,10,0.0023488562091503267
309,4,17,13,0.0004084967320261438
310,1,6,5,0.00010212418300653595
313,9,12,3,0.0009191176470588235
314,1,2,1,0.00010212418300653595
315,1,2,1,0.00010212418300653595
317,2,2,0,0.0002042483660130719
318,5,5,0,0.0005106209150326798
319,6,15,9,0.0006127450980392157
322,2,6,4,0.0002042483660130719
323,1,6,5,0.00010212418300653595
324,4,10,6,0.0004084967320261438
325,2,2,0,0.0002042483660130719
326,10,14,4,0.0010212418300653595
327,2,6,4,0.0002042483660130719
328,2,9,7,0.0002042483660130719
329,21,25,4,0.002144607843137255
330,1,2,1,0.00010212418300653595
331,1,4,3,0.00010212418300653595
332,6,8,2,0.0006127450980392157
334,6,9,3,0.0006127450980392157
335,3,3,0,0.00030637254901960784
336,6,6,0,0.0006127450980392157
337,7,7,0,0.0007148692810457516
338,8,10,2,0.0008169934640522876
339,3,4,1,0.00030637254901960784
340,6,8,2,0.0006127450980392157
341,6,6,0,0.0006127450980392157
342,1,1,0,0.00010212418300653595
343,11,11,0,0.0011233660130718953
344,15,33,18,0.0015318627450980392
348,1,17,16,0.00010212418300653595
349,14,28,14,0.0014297385620915032
350,16,28,12,0.0016339869281045752
351,9,14,5,0.0009191176470588235
352,18,33,15,0.001838235294117647
354,4,11,7,0.0004084967320261438
355,1,3,2,0.00010212418300653595
356,1,1,0,0.00010212418300653595
358,14,28,14,0.0014297385620915032
359,2,2,0,0.0002042483660130719
360,7,8,1,0.0007148692810457516
361,1,3,2,0.00010212418300653595
362,13,13,0,0.0013276143790849674
363,5,6,1,0.0005106209150326798
364,7,8,1,0.0007148692810457516
365,9,10,1,0.0009191176470588235
366,2,3,1,0.0002042483660130719
367,2,2,0,0.0002042483660130719
368,9,10,1,0.0009191176470588235
369,1,3,2,0.00010212418300653595
370,4,6,2,0.0004084967320261438
371,2,6,4,0.0002042483660130719
372,10,14,4,0.0010212418300653595
373,19,22,3,0.001940359477124183
374,28,31,3,0.0028594771241830064
375,3,7,4,0.00030637254901960784
376,8,9,1,0.0008169934640522876
377,11,13,2,0.0011233660130718953
378,1,5,4,0.00010212418300653595
379,2,6,4,0.0002042483660130719
380,4,5,1,0.0004084967320261438
381,4,7,3,0.0004084967320261438
382,7,7,0,0.0007148692810457516
383,5,5,0,0.0005106209150326798
384,2,4,2,0.0002042483660130719
385,2,4,2,0.0002042483660130719
386,1,3,2,0.00010212418300653595
387,15,16,1,0.0015318627450980392
388,2,3,1,0.0002042483660130719
389,4,4,0,0.0004084967320261438
390,2,5,3,0.0002042483660130719
392,12,12,0,0.0012254901960784314
393,1,2,1,0.00010212418300653595
394,2,2,0,0.0002042483660130719
395,4,4,0,0.0004084967320261438
396,5,5,0,0.0005106209150326798
397,8,18,10,0.0008169934640522876
398,1,1,0,0.00010212418300653595
399,3,4,1,0.00030637254901960784
400,1,2,1,0.00010212418300653595
401,10,10,0,0.0010212418300653595
402,1,1,0,0.00010212418300653595
403,12,13,1,0.0012254901960784314
404,22,23,1,0.0022467320261437907
405,3,4,1,0.00030637254901960784
406,2,3,1,0.0002042483660130719
407,3,3,0,0.00030637254901960784
408,14,14,0,0.0014297385620915032
409,6,6,0,0.0006127450980392157
410,4,5,1,0.0004084967320261438
411,6,8,2,0.0006127450980392157
412,20,28,8,0.002042483660130719
413,6,6,0,0.0006127450980392157
414,20,31,11,0.002042483660130719
415,4,4,0,0.0004084967320261438
417,2,2,0,0.0002042483660130719
419,1,1,0,0.00010212418300653595
420,2,5,3,0.0002042483660130719
421,4,9,5,0.0004084967320261438
423,5,5,0,0.0005106209150326798
424,3,4,1,0.00030637254901960784
425,3,4,1,0.00030637254901960784
427,9,10,1,0.0009191176470588235
428,5,5,0,0.0005106209150326798
429,14,14,0,0.0014297385620915032
430,2,2,0,0.0002042483660130719
431,9,9,0,0.0009191176470588235
432,9,9,0,0.0009191176470588235
433,25,28,3,0.0025531045751633987
435,2,2,0,0.0002042483660130719
436,2,2,0,0.0002042483660130719
437,5,5,0,0.0005106209150326798
438,2,2,0,0.0002042483660130719
439,5,5,0,0.0005106209150326798
440,19,19,0,0.001940359477124183
441,1,1,0,0.00010212418300653595
442,18,20,2,0.001838235294117647
443,10,12,2,0.0010212418300653595
444,5,5,0,0.0005106209150326798
445,2,2,0,0.0002042483660130719
446,12,14,2,0.0012254901960784314
447,4,4,0,0.0004084967320261438
448,6,6,0,0.0006127450980392157
449,2,2,0,0.0002042483660130719
450,3,3,0,0.00030637254901960784
451,2,2,0,0.0002042483660130719
452,2,2,0,0.0002042483660130719
453,7,9,2,0.0007148692810457516
454,9,9,0,0.0009191176470588235
455,1,1,0,0.00010212418300653595
456,5,5,0,0.0005106209150326798
457,1,1,0,0.00010212418300653595
458,3,3,0,0.00030637254901960784
459,7,13,6,0.0007148692810457516
460,19,19,0,0.001940359477124183
461,3,3,0,0.00030637254901960784
462,4,5,1,0.0004084967320261438
463,3,3,0,0.00030637254901960784
464,6,6,0,0.0006127450980392157
465,2,2,0,0.0002042483660130719
466,10,10,0,0.0010212418300653595
467,2,2,0,0.0002042483660130719
468,4,5,1,0.0004084967320261438
469,6,6,0,0.0006127450980392157
470,5,5,0,0.0005106209150326798
471,2,2,0,0.0002042483660130719
472,2,4,2,0.0002042483660130719
473,2,2,0,0.0002042483660130719
474,18,18,0,0.001838235294117647
475,2,2,0,0.0002042483660130719
476,10,10,0,0.0010212418300653595
477,5,5,0,0.0005106209150326798
478,31,35,4,0.0031658496732026144
479,10,10,0,0.0010212418300653595
481,28,31,3,0.0028594771241830064
482,4,4,0,0.0004084967320261438
483,4,4,0,0.0004084967320261438
484,4,4,0,0.0004084967320261438
485,4,4,0,0.0004084967320261438
486,3,3,0,0.00030637254901960784
487,5,5,0,0.0005106209150326798
488,2,2,0,0.0002042483660130719
490,10,10,0,0.0010212418300653595
491,3,3,0,0.00030637254901960784
492,18,18,0,0.001838235294117647
493,4,4,0,0.0004084967320261438
494,10,10,0,0.0010212418300653595
495,9,9,0,0.0009191176470588235
496,17,17,0,0.001736111111111111
497,1,1,0,0.00010212418300653595
498,15,15,0,0.0015318627450980392
499,16,16,0,0.0016339869281045752
500,15,15,0,0.0015318627450980392
501,5,5,0,0.0005106209150326798
502,5,5,0,0.0005106209150326798
503,40,44,4,0.004084967320261438
504,9,10,1,0.0009191176470588235
505,16,16,0,0.0016339869281045752
506,6,6,0,0.0006127450980392157
507,4,4,0,0.0004084967320261438
508,2,2,0,0.0002042483660130719
509,2,2,0,0.0002042483660130719
510,3,3,0,0.00030637254901960784
511,2,2,0,0.0002042483660130719
512,3,3,0,0.00030637254901960784
513,2,2,0,0.0002042483660130719
514,2,2,0,0.0002042483660130719
515,20,20,0,0.002042483660130719
516,5,5,0,0.0005106209150326798
517,8,8,0,0.0008169934640522876
518,11,11,0,0.0011233660130718953
519,1,1,0,0.00010212418300653595
520,15,16,1,0.0015318627450980392
521,7,7,0,0.0007148692810457516
522,10,10,0,0.0010212418300653595
523,10,10,0,0.0010212418300653595
524,10,10,0,0.0010212418300653595
525,13,13,0,0.0013276143790849674
526,10,10,0,0.0010212418300653595
527,10,10,0,0.0010212418300653595
528,10,10,0,0.0010212418300653595
529,14,14,0,0.0014297385620915032
530,10,10,0,0.0010212418300653595
531,10,10,0,0.0010212418300653595
532,15,15,0,0.0015318627450980392
533,1,1,0,0.00010212418300653595
534,2,2,0,0.0002042483660130719
535,2,2,0,0.0002042483660130719
536,6,6,0,0.0006127450980392157
537,3,3,0,0.00030637254901960784
538,2,2,0,0.0002042483660130719
539,1,1,0,0.00010212418300653595
540,2,2,0,0.0002042483660130719
541,26,29,3,0.0026552287581699347
542,6,6,0,0.0006127450980392157
543,6,6,0,0.0006127450980392157
544,1,1,0,0.00010212418300653595
545,3,3,0,0.00030637254901960784
546,3,3,0,0.00030637254901960784
547,4,6,2,0.0004084967320261438
548,3,3,0,0.00030637254901960784
549,3,3,0,0.00030637254901960784
550,5,5,0,0.0005106209150326798
551,2,2,0,0.0002042483660130719
552,1,1,0,0.00010212418300653595
553,10,11,1,0.0010212418300653595
554,9,9,0,0.0009191176470588235
555,7,9,2,0.0007148692810457516
556,1,1,0,0.00010212418300653595
557,1,2,1,0.00010212418300653595
558,2,2,0,0.0002042483660130719
559,16,19,3,0.0016339869281045752
560,3,3,0,0.00030637254901960784
561,16,16,0,0.0016339869281045752
562,8,8,0,0.0008169934640522876
563,2,2,0,0.0002042483660130719
564,8,8,0,0.0008169934640522876
565,2,2,0,0.0002042483660130719
566,3,3,0,0.00030637254901960784
567,3,3,0,0.00030637254901960784
568,6,6,0,0.0006127450980392157
569,10,12,2,0.0010212418300653595
571,3,3,0,0.00030637254901960784
572,7,8,1,0.0007148692810457516
573,13,13,0,0.0013276143790849674
574,10,11,1,0.0010212418300653595
575,1,1,0,0.00010212418300653595
576,1,1,0,0.00010212418300653595
578,1,1,0,0.00010212418300653595
579,2,4,2,0.0002042483660130719
580,4,9,5,0.0004084967320261438
582,5,9,4,0.0005106209150326798
583,2,6,4,0.0002042483660130719
586,1,5,4,0.00010212418300653595
587,2,5,3,0.0002042483660130719
588,3,5,2,0.00030637254901960784
589,13,15,2,0.0013276143790849674
590,5,6,1,0.0005106209150326798
592,53,54,1,0.005412581699346405
593,1,3,2,0.00010212418300653595
594,1,1,0,0.00010212418300653595
596,18,18,0,0.001838235294117647
597,1,7,6,0.00010212418300653595
598,12,26,14,0.0012254901960784314
599,13,21,8,0.0013276143790849674
601,1,6,5,0.00010212418300653595
602,1,6,5,0.00010212418300653595
603,8,8,0,0.0008169934640522876
604,4,4,0,0.0004084967320261438
605,3,3,0,0.00030637254901960784
606,4,4,0,0.0004084967320261438
607,14,14,0,0.0014297385620915032
608,10,10,0,0.0010212418300653595
609,9,9,0,0.0009191176470588235
610,7,7,0,0.0007148692810457516
611,7,7,0,0.0007148692810457516
612,7,7,0,0.0007148692810457516
613,9,9,0,0.0009191176470588235
614,11,11,0,0.0011233660130718953
615,4,6,2,0.0004084967320261438
616,4,4,0,0.0004084967320261438
617,1,1,0,0.00010212418300653595
618,12,13,1,0.0012254901960784314
619,9,9,0,0.0009191176470588235
620,5,5,0,0.0005106209150326798
621,5,5,0,0.0005106209150326798
622,3,3,0,0.00030637254901960784
623,2,2,0,0.0002042483660130719
624,7,8,1,0.0007148692810457516
625,6,6,0,0.0006127450980392157
626,4,4,0,0.0004084967320261438
627,6,6,0,0.0006127450980392157
628,2,2,0,0.0002042483660130719
629,11,11,0,0.0011233660130718953
630,6,6,0,0.0006127450980392157
631,3,3,0,0.00030637254901960784
632,4,4,0,0.0004084967320261438
633,5,5,0,0.0005106209150326798
634,2,2,0,0.0002042483660130719
635,5,5,0,0.0005106209150326798
636,1,1,0,0.00010212418300653595
637,5,5,0,0.0005106209150326798
638,16,16,0,0.0016339869281045752
639,9,9,0,0.0009191176470588235
640,12,12,0,0.0012254901960784314
641,2,5,3,0.0002042483660130719
642,8,8,0,0.0008169934640522876
643,11,11,0,0.0011233660130718953
644,9,9,0,0.0009191176470588235
645,5,5,0,0.0005106209150326798
646,3,3,0,0.00030637254901960784
647,2,2,0,0.0002042483660130719
648,10,10,0,0.0010212418300653595
649,1,1,0,0.00010212418300653595
650,2,2,0,0.0002042483660130719
651,18,18,0,0.001838235294117647
652,6,8,2,0.0006127450980392157
653,8,8,0,0.0008169934640522876
654,14,14,0,0.0014297385620915032
655,8,8,0,0.0008169934640522876
656,13,13,0,0.0013276143790849674
657,7,7,0,0.0007148692810457516
658,9,9,0,0.0009191176470588235
659,26,26,0,0.0026552287581699347
660,2,2,0,0.0002042483660130719
661,2,2,0,0.0002042483660130719
662,3,3,0,0.00030637254901960784
663,4,4,0,0.0004084967320261438
664,3,3,0,0.00030637254901960784
665,4,4,0,0.0004084967320261438
666,3,3,0,0.00030637254901960784
667,5,5,0,0.0005106209150326798
668,5,5,0,0.0005106209150326798
669,5,5,0,0.0005106209150326798
670,9,9,0,0.0009191176470588235
671,2,2,0,0.0002042483660130719
672,3,3,0,0.00030637254901960784
673,2,2,0,0.0002042483660130719
674,5,5,0,0.0005106209150326798
675,6,7,1,0.0006127450980392157
676,18,18,0,0.001838235294117647
677,8,8,0,0.0008169934640522876
678,4,4,0,0.0004084967320261438
679,2,2,0,0.0002042483660130719
680,3,3,0,0.00030637254901960784
681,13,13,0,0.0013276143790849674
682,9,12,3,0.0009191176470588235
683,1,1,0,0.00010212418300653595
684,15,15,0,0.0015318627450980392
685,8,9,1,0.0008169934640522876
686,3,3,0,0.00030637254901960784
687,2,2,0,0.0002042483660130719
688,5,5,0,0.0005106209150326798
689,3,3,0,0.00030637254901960784
690,10,10,0,0.0010212418300653595
691,6,6,0,0.0006127450980392157
692,10,10,0,0.0010212418300653595
693,5,5,0,0.0005106209150326798
694,11,11,0,0.0011233660130718953
695,6,6,0,0.0006127450980392157
696,18,18,0,0.001838235294117647
697,1,1,0,0.00010212418300653595
698,13,14,1,0.0013276143790849674
699,2,2,0,0.0002042483660130719
700,20,25,5,0.002042483660130719
701,6,6,0,0.0006127450980392157
702,4,4,0,0.0004084967320261438
703,4,4,0,0.0004084967320261438
704,4,4,0,0.0004084967320261438
705,11,11,0,0.0011233660130718953
706,6,6,0,0.0006127450980392157
707,3,3,0,0.00030637254901960784
708,2,2,0,0.0002042483660130719
709,2,2,0,0.0002042483660130719
710,3,3,0,0.00030637254901960784
711,2,2,0,0.0002042483660130719
712,6,7,1,0.0006127450980392157
713,1,1,0,0.00010212418300653595
714,4,4,0,0.0004084967320261438
715,2,2,0,0.0002042483660130719
716,2,2,0,0.0002042483660130719
717,2,2,0,0.0002042483660130719
718,8,11,3,0.0008169934640522876
719,1,2,1,0.00010212418300653595
721,3,3,0,0.00030637254901960784
722,2,3,1,0.0002042483660130719
723,2,2,0,0.0002042483660130719
724,5,5,0,0.0005106209150326798
725,1,1,0,0.00010212418300653595
726,5,8,3,0.0005106209150326798
727,8,20,12,0.0008169934640522876
728,4,4,0,0.0004084967320261438
729,5,5,0,0.0005106209150326798
730,3,3,0,0.00030637254901960784
731,5,5,0,0.0005106209150326798
732,3,3,0,0.00030637254901960784
733,8,8,0,0.0008169934640522876
734,1,1,0,0.00010212418300653595
735,1,2,1,0.00010212418300653595
736,1,2,1,0.00010212418300653595
737,11,12,1,0.0011233660130718953
738,1,1,0,0.00010212418300653595
739,2,2,0,0.0002042483660130719
740,13,14,1,0.0013276143790849674
741,4,6,2,0.0004084967320261438
742,15,19,4,0.0015318627450980392
743,5,5,0,0.0005106209150326798
744,6,6,0,0.0006127450980392157
745,1,1,0,0.00010212418300653595
746,5,5,0,0.0005106209150326798
747,1,1,0,0.00010212418300653595
748,4,4,0,0.0004084967320261438
749,2,3,1,0.0002042483660130719
750,3,3,0,0.00030637254901960784
751,2,6,4,0.0002042483660130719
752,7,10,3,0.0007148692810457516
753,5,10,5,0.0005106209150326798
755,4,4,0,0.0004084967320261438
756,1,1,0,0.00010212418300653595
757,1,3,2,0.00010212418300653595
758,16,17,1,0.0016339869281045752
759,8,9,1,0.0008169934640522876
760,3,5,2,0.00030637254901960784
761,6,17,11,0.0006127450980392157
765,1,2,1,0.00010212418300653595
766,4,4,0,0.0004084967320261438
767,2,3,1,0.0002042483660130719
768,1,4,3,0.00010212418300653595
769,1,4,3,0.00010212418300653595
770,6,14,8,0.0006127450980392157
771,1,2,1,0.00010212418300653595
772,1,2,1,0.00010212418300653595
773,5,8,3,0.0005106209150326798
774,2,2,0,0.0002042483660130719
775,6,6,0,0.0006127450980392157
776,6,6,0,0.0006127450980392157
777,8,8,0,0.0008169934640522876
778,4,4,0,0.0004084967320261438
779,3,25,22,0.00030637254901960784
780,6,13,7,0.0006127450980392157
781,2,7,5,0.0002042483660130719
782,6,15,9,0.0006127450980392157
783,6,11,5,0.0006127450980392157
784,1,4,3,0.00010212418300653595
785,1,2,1,0.00010212418300653595
786,2,3,1,0.0002042483660130719
787,3,6,3,0.00030637254901960784
788,5,5,0,0.0005106209150326798
789,1,1,0,0.00010212418300653595
790,2,3,1,0.0002042483660130719
793,2,3,1,0.0002042483660130719
794,6,7,1,0.0006127450980392157
795,9,12,3,0.0009191176470588235
796,1,2,1,0.00010212418300653595
797,6,8,2,0.0006127450980392157
798,2,4,2,0.0002042483660130719
799,2,5,3,0.0002042483660130719
800,2,3,1,0.0002042483660130719
801,1,3,2,0.00010212418300653595
803,1,1,0,0.00010212418300653595
804,5,5,0,0.0005106209150326798
805,3,3,0,0.00030637254901960784
806,8,9,1,0.0008169934640522876
807,2,2,0,0.0002042483660130719
808,8,8,0,0.0008169934640522876
809,2,2,0,0.0002042483660130719
810,5,5,0,0.0005106209150326798
811,6,7,1,0.0006127450980392157
812,1,1,0,0.00010212418300653595
813,1,1,0,0.00010212418300653595
814,4,4,0,0.0004084967320261438
815,6,6,0,0.0006127450980392157
816,25,29,4,0.0025531045751633987
817,1,1,0,0.00010212418300653595
818,20,20,0,0.002042483660130719
819,2,2,0,0.0002042483660130719
820,4,4,0,0.0004084967320261438
821,6,6,0,0.0006127450980392157
822,5,5,0,0.0005106209150326798
823,6,6,0,0.0006127450980392157
824,2,2,0,0.0002042483660130719
825,1,1,0,0.00010212418300653595
826,11,13,2,0.0011233660130718953
827,6,6,0,0.0006127450980392157
828,1,1,0,0.00010212418300653595
829,6,6,0,0.0006127450980392157
830,5,5,0,0.0005106209150326798
831,2,2,0,0.0002042483660130719
832,4,4,0,0.0004084967320261438
833,3,3,0,0.00030637254901960784
834,10,10,0,0.0010212418300653595
835,3,3,0,0.00030637254901960784
836,2,2,0,0.0002042483660130719
837,5,5,0,0.0005106209150326798
838,3,3,0,0.00030637254901960784
839,2,2,0,0.0002042483660130719
840,2,2,0,0.0002042483660130719
841,2,2,0,0.0002042483660130719
842,1,1,0,0.00010212418300653595
843,3,3,0,0.00030637254901960784
844,3,3,0,0.00030637254901960784
845,3,3,0,0.00030637254901960784
846,2,2,0,0.0002042483660130719
847,2,2,0,0.0002042483660130719
848,1,1,0,0.00010212418300653595
849,5,5,0,0.0005106209150326798
850,3,3,0,0.00030637254901960784
851,3,3,0,0.00030637254901960784
852,5,5,0,0.0005106209150326798
853,18,19,1,0.001838235294117647
854,9,10,1,0.0009191176470588235
855,5,5,0,0.0005106209150326798
856,5,5,0,0.0005106209150326798
857,3,4,1,0.00030637254901960784
858,3,3,0,0.00030637254901960784
859,11,11,0,0.0011233660130718953
860,8,13,5,0.0008169934640522876
861,10,11,1,0.0010212418300653595
862,1,1,0,0.00010212418300653595
863,1,1,0,0.00010212418300653595
864,1,1,0,0.00010212418300653595
865,1,1,0,0.00010212418300653595
866,2,2,0,0.0002042483660130719
867,2,2,0,0.0002042483660130719
868,4,4,0,0.0004084967320261438
869,5,5,0,0.0005106209150326798
870,5,5,0,0.0005106209150326798
871,4,4,0,0.0004084967320261438
872,4,4,0,0.0004084967320261438
873,8,9,1,0.0008169934640522876
874,2,2,0,0.0002042483660130719
875,2,2,0,0.0002042483660130719
876,4,4,0,0.0004084967320261438
877,2,2,0,0.0002042483660130719
878,2,2,0,0.0002042483660130719
879,4,4,0,0.0004084967320261438
880,4,4,0,0.0004084967320261438
881,1,1,0,0.00010212418300653595
882,7,9,2,0.0007148692810457516
883,3,3,0,0.00030637254901960784
884,1,1,0,0.00010212418300653595
885,1,1,0,0.00010212418300653595
886,6,6,0,0.0006127450980392157
887,7,7,0,0.0007148692810457516
888,2,2,0,0.0002042483660130719
889,1,2,1,0.00010212418300653595
890,1,2,1,0.00010212418300653595
891,6,6,0,0.0006127450980392157
892,9,9,0,0.0009191176470588235
893,13,13,0,0.0013276143790849674
894,10,12,2,0.0010212418300653595
895,4,4,0,0.0004084967320261438
896,5,5,0,0.0005106209150326798
898,7,7,0,0.0007148692810457516
899,2,2,0,0.0002042483660130719
900,2,2,0,0.0002042483660130719
901,5,5,0,0.0005106209150326798
902,5,5,0,0.0005106209150326798
903,5,5,0,0.0005106209150326798
904,1,1,0,0.00010212418300653595
905,5,5,0,0.0005106209150326798
906,2,8,6,0.0002042483660130719
907,2,3,1,0.0002042483660130719
908,1,1,0,0.00010212418300653595
909,4,4,0,0.0004084967320261438
910,7,7,0,0.0007148692810457516
911,5,9,4,0.0005106209150326798
912,3,3,0,0.00030637254901960784
913,4,5,1,0.0004084967320261438
914,17,24,7,0.001736111111111111
915,8,8,0,0.0008169934640522876
916,7,11,4,0.0007148692810457516
917,2,4,2,0.0002042483660130719
918,5,5,0,0.0005106209150326798
919,4,4,0,0.0004084967320261438
920,9,9,0,0.0009191176470588235
921,5,5,0,0.0005106209150326798
922,12,12,0,0.0012254901960784314
923,5,5,0,0.0005106209150326798
924,2,2,0,0.0002042483660130719
925,3,3,0,0.00030637254901960784
926,1,1,0,0.00010212418300653595
927,2,2,0,0.0002042483660130719
928,2,2,0,0.0002042483660130719
929,2,2,0,0.0002042483660130719
930,9,9,0,0.0009191176470588235
931,1,5,4,0.00010212418300653595
932,2,2,0,0.0002042483660130719
933,1,1,0,0.00010212418300653595
934,3,3,0,0.00030637254901960784
935,3,3,0,0.00030637254901960784
936,6,6,0,0.0006127450980392157
937,13,14,1,0.0013276143790849674
939,6,6,0,0.0006127450980392157
940,2,2,0,0.0002042483660130719
941,2,3,1,0.0002042483660130719
942,1,1,0,0.00010212418300653595
943,5,7,2,0.0005106209150326798
944,4,4,0,0.0004084967320261438
945,9,23,14,0.0009191176470588235
946,2,3,1,0.0002042483660130719
947,1,2,1,0.00010212418300653595
948,1,2,1,0.00010212418300653595
949,2,2,0,0.0002042483660130719
950,1,1,0,0.00010212418300653595
951,8,8,0,0.0008169934640522876
952,2,3,1,0.0002042483660130719
953,2,3,1,0.0002042483660130719
954,8,15,7,0.0008169934640522876
955,12,17,5,0.0012254901960784314
956,3,3,0,0.00030637254901960784
957,3,3,0,0.00030637254901960784
958,3,3,0,0.00030637254901960784
959,3,3,0,0.00030637254901960784
960,3,3,0,0.00030637254901960784
961,4,4,0,0.0004084967320261438
962,4,4,0,0.0004084967320261438
963,2,2,0,0.0002042483660130719
964,4,8,4,0.0004084967320261438
965,2,2,0,0.0002042483660130719
966,5,5,0,0.0005106209150326798
967,9,16,7,0.0009191176470588235
968,2,2,0,0.0002042483660130719
969,2,2,0,0.0002042483660130719
970,3,3,0,0.00030637254901960784
971,14,17,3,0.0014297385620915032
972,2,2,0,0.0002042483660130719
973,2,2,0,0.0002042483660130719
974,4,4,0,0.0004084967320261438
975,9,13,4,0.0009191176470588235
976,5,7,2,0.0005106209150326798
977,3,9,6,0.00030637254901960784
978,2,2,0,0.0002042483660130719
979,1,1,0,0.00010212418300653595
980,1,1,0,0.00010212418300653595
981,3,3,0,0.00030637254901960784
982,3,3,0,0.00030637254901960784
983,3,3,0,0.00030637254901960784
984,6,6,0,0.0006127450980392157
985,1,2,1,0.00010212418300653595
986,1,1,0,0.00010212418300653595
987,1,1,0,0.00010212418300653595
988,2,6,4,0.0002042483660130719
989,2,2,0,0.0002042483660130719
990,2,2,0,0.0002042483660130719
991,1,1,0,0.00010212418300653595
992,1,1,0,0.00010212418300653595
993,7,7,0,0.0007148692810457516
994,3,4,1,0.00030637254901960784
995,9,9,0,0.0009191176470588235
996,6,6,0,0.0006127450980392157
997,2,2,0,0.0002042483660130719
998,5,5,0,0.0005106209150326798
999,3,3,0,0.00030637254901960784
1000,1,1,0,0.00010212418300653595
1001,4,6,2,0.0004084967320261438
1002,5,5,0,0.0005106209150326798
1003,2,2,0,0.0002042483660130719
1004,4,6,2,0.0004084967320261438
1005,2,2,0,0.0002042483660130719
1006,9,9,0,0.0009191176470588235
1007,3,3,0,0.00030637254901960784
1008,3,3,0,0.00030637254901960784
1009,2,2,0,0.0002042483660130719
1010,1,4,3,0.00010212418300653595
1011,3,3,0,0.00030637254901960784
1012,8,8,0,0.0008169934640522876
1013,6,6,0,0.0006127450980392157
1014,5,5,0,0.0005106209150326798
1015,4,4,0,0.0004084967320261438
1016,6,6,0,0.0006127450980392157
1018,13,13,0,0.0013276143790849674
1019,11,13,2,0.0011233660130718953
1020,1,1,0,0.00010212418300653595
1021,7,7,0,0.0007148692810457516
1022,1,1,0,0.00010212418300653595
1023,10,12,2,0.0010212418300653595
1024,7,7,0,0.0007148692810457516
1025,12,12,0,0.0012254901960784314
1026,11,11,0,0.0011233660130718953
1027,2,3,1,0.0002042483660130719
1028,4,8,4,0.0004084967320261438
1029,5,5,0,0.0005106209150326798
1030,2,3,1,0.0002042483660130719
1031,1,2,1,0.00010212418300653595
1032,5,5,0,0.0005106209150326798
1033,3,3,0,0.00030637254901960784
1034,9,10,1,0.0009191176470588235
1035,1,1,0,0.00010212418300653595
1036,10,10,0,0.0010212418300653595
1037,4,4,0,0.0004084967320261438
1038,13,14,1,0.0013276143790849674
1039,7,7,0,0.0007148692810457516
1040,8,8,0,0.0008169934640522876
1041,6,7,1,0.0006127450980392157
1042,5,7,2,0.0005106209150326798
1043,4,4,0,0.0004084967320261438
1044,25,25,0,0.0025531045751633987
1045,2,2,0,0.0002042483660130719
1046,6,6,0,0.0006127450980392157
1047,8,8,0,0.0008169934640522876
1048,6,6,0,0.0006127450980392157
1049,5,6,1,0.0005106209150326798
1050,6,7,1,0.0006127450980392157
1051,4,4,0,0.0004084967320261438
1052,5,6,1,0.0005106209150326798
1053,10,10,0,0.0010212418300653595
1054,3,4,1,0.00030637254901960784
1055,6,7,1,0.0006127450980392157
1056,4,4,0,0.0004084967320261438
1057,4,4,0,0.0004084967320261438
1058,2,2,0,0.0002042483660130719
1059,2,2,0,0.0002042483660130719
1060,3,3,0,0.00030637254901960784
1061,1,1,0,0.00010212418300653595
1063,1,1,0,0.00010212418300653595
1064,4,4,0,0.0004084967320261438
1065,3,3,0,0.00030637254901960784
1066,3,3,0,0.00030637254901960784
1067,4,5,1,0.0004084967320261438
1068,4,4,0,0.0004084967320261438
1069,2,6,4,0.0002042483660130719
1070,12,13,1,0.0012254901960784314
1071,7,11,4,0.0007148692810457516
1072,3,6,3,0.00030637254901960784
1074,8,11,3,0.0008169934640522876
1079,1,3,2,0.00010212418300653595
1080,1,3,2,0.00010212418300653595
1083,1,1,0,0.00010212418300653595
1084,4,4,0,0.0004084967320261438
1086,1,4,3,0.00010212418300653595
1090,1,2,1,0.00010212418300653595
1091,1,2,1,0.00010212418300653595
1095,1,5,4,0.00010212418300653595
1096,3,3,0,0.00030637254901960784
1098,1,3,2,0.00010212418300653595
1099,1,3,2,0.00010212418300653595
1100,5,12,7,0.0005106209150326798
1104,1,1,0,0.00010212418300653595
1105,4,4,0,0.0004084967320261438
1106,2,2,0,0.0002042483660130719
1107,1,2,1,0.00010212418300653595
1110,1,3,2,0.00010212418300653595
1111,5,5,0,0.0005106209150326798
1112,4,8,4,0.0004084967320261438
1113,2,2,0,0.0002042483660130719
1114,2,2,0,0.0002042483660130719
1115,4,4,0,0.0004084967320261438
1117,10,16,6,0.0010212418300653595
1118,1,2,1,0.00010212418300653595
1119,7,8,1,0.0007148692810457516
1122,1,5,4,0.00010212418300653595
1125,1,3,2,0.00010212418300653595
1126,1,3,2,0.00010212418300653595
1128,1,2,1,0.00010212418300653595
1129,1,2,1,0.00010212418300653595
1130,2,2,0,0.0002042483660130719
1132,1,3,2,0.00010212418300653595
1134,1,2,1,0.00010212418300653595
1135,1,1,0,0.00010212418300653595
1139,1,2,1,0.00010212418300653595
1141,1,5,4,0.00010212418300653595
1143,11,22,11,0.0011233660130718953
1146,1,7,6,0.00010212418300653595
1147,2,2,0,0.0002042483660130719
1148,1,2,1,0.00010212418300653595
1149,2,2,0,0.0002042483660130719
1151,3,6,3,0.00030637254901960784
1156,3,3,0,0.00030637254901960784
1157,2,3,1,0.0002042483660130719
1158,3,4,1,0.00030637254901960784
1159,6,6,0,0.0006127450980392157
1160,4,5,1,0.0004084967320261438
1162,3,3,0,0.00030637254901960784
1168,3,7,4,0.00030637254901960784
1169,3,3,0,0.00030637254901960784
1170,6,6,0,0.0006127450980392157
1173,3,4,1,0.00030637254901960784
1174,1,1,0,0.00010212418300653595
1175,19,19,0,0.001940359477124183
1176,1,1,0,0.00010212418300653595
1177,2,2,0,0.0002042483660130719
1178,2,2,0,0.0002042483660130719
1179,3,3,0,0.00030637254901960784
1180,3,3,0,0.00030637254901960784
1181,1,1,0,0.00010212418300653595
1182,2,4,2,0.0002042483660130719
1183,3,3,0,0.00030637254901960784
1184,31,31,0,0.0031658496732026144
1185,5,5,0,0.0005106209150326798
1186,8,10,2,0.0008169934640522876
1187,12,12,0,0.0012254901960784314
1188,6,6,0,0.0006127450980392157
1189,2,3,1,0.0002042483660130719
1190,2,2,0,0.0002042483660130719
1192,3,3,0,0.00030637254901960784
1193,1,1,0,0.00010212418300653595
1194,1,1,0,0.00010212418300653595
1195,1,1,0,0.00010212418300653595
1196,3,3,0,0.00030637254901960784
1197,1,1,0,0.00010212418300653595
1198,2,2,0,0.0002042483660130719
1199,2,2,0,0.0002042483660130719
1200,1,1,0,0.00010212418300653595
1201,7,7,0,0.0007148692810457516
1202,1,2,1,0.00010212418300653595
1203,2,2,0,0.0002042483660130719
1204,2,2,0,0.0002042483660130719
1205,1,1,0,0.00010212418300653595
1206,1,1,0,0.00010212418300653595
1207,3,3,0,0.00030637254901960784
1208,2,2,0,0.0002042483660130719
1209,4,4,0,0.0004084967320261438
1210,3,3,0,0.00030637254901960784
1211,3,3,0,0.00030637254901960784
1212,6,6,0,0.0006127450980392157
1213,3,3,0,0.00030637254901960784
1214,10,10,0,0.0010212418300653595
1215,6,6,0,0.0006127450980392157
1216,6,6,0,0.0006127450980392157
1217,6,6,0,0.0006127450980392157
1218,4,4,0,0.0004084967320261438
1219,9,9,0,0.0009191176470588235
1220,5,6,1,0.0005106209150326798
1221,2,3,1,0.0002042483660130719
1222,9,15,6,0.0009191176470588235
1223,2,3,1,0.0002042483660130719
1224,5,5,0,0.0005106209150326798
1225,5,5,0,0.0005106209150326798
1226,5,5,0,0.0005106209150326798
1227,3,3,0,0.00030637254901960784
1228,7,7,0,0.0007148692810457516
1229,6,6,0,0.0006127450980392157
1230,2,4,2,0.0002042483660130719
1231,2,2,0,0.0002042483660130719
1232,7,7,0,0.0007148692810457516
1233,7,7,0,0.0007148692810457516
1234,7,7,0,0.0007148692810457516
1235,7,7,0,0.0007148692810457516
1236,9,9,0,0.0009191176470588235
1237,7,7,0,0.0007148692810457516
1238,9,9,0,0.0009191176470588235
1239,1,1,0,0.00010212418300653595
1240,3,3,0,0.00030637254901960784
1241,3,3,0,0.00030637254901960784
1242,6,6,0,0.0006127450980392157
1243,1,1,0,0.00010212418300653595
1244,2,2,0,0.0002042483660130719
1245,2,2,0,0.0002042483660130719
1246,2,2,0,0.0002042483660130719
1247,1,1,0,0.00010212418300653595
1248,1,1,0,0.00010212418300653595
1249,3,3,0,0.00030637254901960784
1250,3,3,0,0.00030637254901960784
1251,1,1,0,0.00010212418300653595
1252,2,2,0,0.0002042483660130719
1253,8,8,0,0.0008169934640522876
1254,9,13,4,0.0009191176470588235
1255,4,4,0,0.0004084967320261438
1256,3,3,0,0.00030637254901960784
1257,6,6,0,0.0006127450980392157
1258,3,3,0,0.00030637254901960784
1259,3,3,0,0.00030637254901960784
1260,17,18,1,0.001736111111111111
1261,14,21,7,0.0014297385620915032
1262,1,2,1,0.00010212418300653595
1263,18,27,9,0.001838235294117647
1264,9,9,0,0.0009191176470588235
1265,1,1,0,0.00010212418300653595
1266,4,4,0,0.0004084967320261438
1267,4,4,0,0.0004084967320261438
1268,14,14,0,0.0014297385620915032
1269,3,3,0,0.00030637254901960784
1270,4,4,0,0.0004084967320261438
1271,7,7,0,0.0007148692810457516
1272,3,3,0,0.00030637254901960784
1273,2,2,0,0.0002042483660130719
1274,2,2,0,0.0002042483660130719
1275,1,1,0,0.00010212418300653595
1276,1,2,1,0.00010212418300653595
1277,3,11,8,0.00030637254901960784
1278,2,2,0,0.0002042483660130719
1279,2,3,1,0.0002042483660130719
1280,2,2,0,0.0002042483660130719
1281,1,5,4,0.00010212418300653595
1282,9,9,0,0.0009191176470588235
1283,1,1,0,0.00010212418300653595
1284,2,2,0,0.0002042483660130719
1285,2,2,0,0.0002042483660130719
1286,4,5,1,0.0004084967320261438
1287,4,5,1,0.0004084967320261438
1288,2,2,0,0.0002042483660130719
1289,6,8,2,0.0006127450980392157
1290,1,2,1,0.00010212418300653595
1291,2,2,0,0.0002042483660130719
1292,17,17,0,0.001736111111111111
1293,1,1,0,0.00010212418300653595
1294,3,3,0,0.00030637254901960784
1295,3,3,0,0.00030637254901960784
1296,5,5,0,0.0005106209150326798
1297,2,2,0,0.0002042483660130719
1298,5,5,0,0.0005106209150326798
1299,1,1,0,0.00010212418300653595
1300,3,3,0,0.00030637254901960784
1301,2,2,0,0.0002042483660130719
1302,14,14,0,0.0014297385620915032
1303,6,7,1,0.0006127450980392157
1304,2,2,0,0.0002042483660130719
1305,3,3,0,0.00030637254901960784
1306,2,3,1,0.0002042483660130719
1307,4,4,0,0.0004084967320261438
1308,4,4,0,0.0004084967320261438
1309,6,6,0,0.0006127450980392157
1310,4,4,0,0.0004084967320261438
1311,8,8,0,0.0008169934640522876
1312,1,1,0,0.00010212418300653595
1313,3,3,0,0.00030637254901960784
1314,3,3,0,0.00030637254901960784
1315,7,8,1,0.0007148692810457516
1316,3,3,0,0.00030637254901960784
1317,3,3,0,0.00030637254901960784
1318,8,8,0,0.0008169934640522876
1319,2,2,0,0.0002042483660130719
1320,1,1,0,0.00010212418300653595
1321,4,4,0,0.0004084967320261438
1322,6,6,0,0.0006127450980392157
1323,1,1,0,0.00010212418300653595
1324,2,2,0,0.0002042483660130719
1325,2,2,0,0.0002042483660130719
1326,3,3,0,0.00030637254901960784
1327,2,3,1,0.0002042483660130719
1328,2,3,1,0.0002042483660130719
1329,4,4,0,0.0004084967320261438
1330,3,3,0,0.00030637254901960784
1331,5,5,0,0.0005106209150326798
1332,1,1,0,0.00010212418300653595
1333,2,2,0,0.0002042483660130719
1334,2,2,0,0.0002042483660130719
1335,4,4,0,0.0004084967320261438
1336,1,1,0,0.00010212418300653595
1337,5,5,0,0.0005106209150326798
1338,6,6,0,0.0006127450980392157
1339,7,7,0,0.0007148692810457516
1340,2,2,0,0.0002042483660130719
1341,2,2,0,0.0002042483660130719
1342,9,12,3,0.0009191176470588235
1343,3,3,0,0.00030637254901960784
1344,3,3,0,0.00030637254901960784
1345,1,2,1,0.00010212418300653595
1347,1,1,0,0.00010212418300653595
1348,5,6,1,0.0005106209150326798
1349,5,5,0,0.0005106209150326798
1350,5,8,3,0.0005106209150326798
1351,2,3,1,0.0002042483660130719
1352,6,6,0,0.0006127450980392157
1353,3,4,1,0.00030637254901960784
1354,6,13,7,0.0006127450980392157
1355,2,2,0,0.0002042483660130719
1356,2,2,0,0.0002042483660130719
1357,2,2,0,0.0002042483660130719
1358,6,6,0,0.0006127450980392157
1359,6,6,0,0.0006127450980392157
1360,4,6,2,0.0004084967320261438
1361,3,3,0,0.00030637254901960784
1362,13,19,6,0.0013276143790849674
1363,3,3,0,0.00030637254901960784
1364,1,1,0,0.00010212418300653595
1365,3,3,0,0.00030637254901960784
1366,16,22,6,0.0016339869281045752
1367,1,1,0,0.00010212418300653595
1368,4,7,3,0.0004084967320261438
1369,7,7,0,0.0007148692810457516
1370,2,2,0,0.0002042483660130719
1371,2,2,0,0.0002042483660130719
1372,2,3,1,0.0002042483660130719
1373,2,2,0,0.0002042483660130719
1374,3,3,0,0.00030637254901960784
1375,20,20,0,0.002042483660130719
1376,3,3,0,0.00030637254901960784
1377,4,4,0,0.0004084967320261438
1378,2,2,0,0.0002042483660130719
1379,2,2,0,0.0002042483660130719
1380,3,3,0,0.00030637254901960784
1381,14,14,0,0.0014297385620915032
1382,3,3,0,0.00030637254901960784
1383,6,6,0,0.0006127450980392157
1384,3,4,1,0.00030637254901960784
1385,7,7,0,0.0007148692810457516
1386,3,3,0,0.00030637254901960784
1387,4,4,0,0.0004084967320261438
1388,5,5,0,0.0005106209150326798
1389,4,4,0,0.0004084967320261438
1390,4,4,0,0.0004084967320261438
1391,5,5,0,0.0005106209150326798
1392,4,4,0,0.0004084967320261438
1393,1,1,0,0.00010212418300653595
1394,1,2,1,0.00010212418300653595
1399,1,3,2,0.00010212418300653595
1400,3,6,3,0.00030637254901960784
1402,2,3,1,0.0002042483660130719
1403,1,3,2,0.00010212418300653595
1404,1,3,2,0.00010212418300653595
1405,2,2,0,0.0002042483660130719
1406,2,2,0,0.0002042483660130719
1408,2,3,1,0.0002042483660130719
1409,5,6,1,0.0005106209150326798
1410,1,3,2,0.00010212418300653595
1411,6,8,2,0.0006127450980392157
1413,3,5,2,0.00030637254901960784
1414,2,2,0,0.0002042483660130719
1415,1,3,2,0.00010212418300653595
1416,2,5,3,0.0002042483660130719
1417,2,4,2,0.0002042483660130719
1418,6,6,0,0.0006127450980392157
1419,1,4,3,0.00010212418300653595
1420,1,5,4,0.00010212418300653595
1421,6,7,1,0.0006127450980392157
1422,3,3,0,0.00030637254901960784
1423,3,3,0,0.00030637254901960784
1424,3,3,0,0.00030637254901960784
1425,3,3,0,0.00030637254901960784
1426,9,9,0,0.0009191176470588235
1427,5,5,0,0.0005106209150326798
1428,6,6,0,0.0006127450980392157
1429,5,5,0,0.0005106209150326798
1430,5,5,0,0.0005106209150326798
1431,2,2,0,0.0002042483660130719
1432,3,3,0,0.00030637254901960784
1433,2,2,0,0.0002042483660130719
1434,3,3,0,0.00030637254901960784
1435,1,1,0,0.00010212418300653595
1436,5,6,1,0.0005106209150326798
1438,7,11,4,0.0007148692810457516
1442,2,2,0,0.0002042483660130719
1445,1,6,5,0.00010212418300653595
1447,1,3,2,0.00010212418300653595
1448,5,10,5,0.0005106209150326798
1449,6,12,6,0.0006127450980392157
1453,2,6,4,0.0002042483660130719
1454,2,6,4,0.0002042483660130719
1458,1,4,3,0.00010212418300653595
1461,2,2,0,0.0002042483660130719
1463,1,7,6,0.00010212418300653595
1465,1,1,0,0.00010212418300653595
1466,4,4,0,0.0004084967320261438
1467,1,1,0,0.00010212418300653595
1468,2,2,0,0.0002042483660130719
1469,5,5,0,0.0005106209150326798
1470,12,15,3,0.0012254901960784314
1471,8,11,3,0.0008169934640522876
1472,2,2,0,0.0002042483660130719
1473,1,1,0,0.00010212418300653595
1474,2,2,0,0.0002042483660130719
1475,2,3,1,0.0002042483660130719
1476,1,8,7,0.00010212418300653595
1477,3,5,2,0.00030637254901960784
1478,4,8,4,0.0004084967320261438
1479,1,2,1,0.00010212418300653595
1480,3,4,1,0.00030637254901960784
1481,4,4,0,0.0004084967320261438
1482,7,8,1,0.0007148692810457516
1483,4,4,0,0.0004084967320261438
1484,1,1,0,0.00010212418300653595
1485,4,4,0,0.0004084967320261438
1486,6,8,2,0.0006127450980392157
1487,2,4,2,0.0002042483660130719
1488,2,4,2,0.0002042483660130719
1489,7,7,0,0.0007148692810457516
1490,4,7,3,0.0004084967320261438
1491,6,7,1,0.0006127450980392157
1492,3,3,0,0.00030637254901960784
1493,3,6,3,0.00030637254901960784
1494,2,3,1,0.0002042483660130719
1495,2,3,1,0.0002042483660130719
1497,7,9,2,0.0007148692810457516
1498,8,11,3,0.0008169934640522876
1499,3,4,1,0.00030637254901960784
1500,18,18,0,0.001838235294117647
1501,8,9,1,0.0008169934640522876
1502,2,4,2,0.0002042483660130719
1503,1,1,0,0.00010212418300653595
1504,8,10,2,0.0008169934640522876
1505,2,2,0,0.0002042483660130719
1506,3,3,0,0.00030637254901960784
1507,3,3,0,0.00030637254901960784
1508,3,5,2,0.00030637254901960784
1509,1,2,1,0.00010212418300653595
1510,1,1,0,0.00010212418300653595
1511,3,5,2,0.00030637254901960784
1512,2,2,0,0.0002042483660130719
1513,4,4,0,0.0004084967320261438
1514,7,7,0,0.0007148692810457516
1515,1,1,0,0.00010212418300653595
1516,1,2,1,0.00010212418300653595
1517,5,5,0,0.0005106209150326798
1518,5,7,2,0.0005106209150326798
1519,5,10,5,0.0005106209150326798
1520,5,6,1,0.0005106209150326798
1521,1,1,0,0.00010212418300653595
1522,4,4,0,0.0004084967320261438
1523,7,8,1,0.0007148692810457516
1524,6,10,4,0.0006127450980392157
1525,6,7,1,0.0006127450980392157
1526,14,16,2,0.0014297385620915032
1527,7,13,6,0.0007148692810457516
1528,2,2,0,0.0002042483660130719
1529,10,10,0,0.0010212418300653595
1530,7,7,0,0.0007148692810457516
1531,2,2,0,0.0002042483660130719
1532,5,5,0,0.0005106209150326798
1533,18,19,1,0.001838235294117647
1534,4,4,0,0.0004084967320261438
1535,1,1,0,0.00010212418300653595
1536,3,7,4,0.00030637254901960784
1537,3,3,0,0.00030637254901960784
1538,3,3,0,0.00030637254901960784
1539,2,3,1,0.0002042483660130719
1540,1,1,0,0.00010212418300653595
1541,1,4,3,0.00010212418300653595
1542,2,4,2,0.0002042483660130719
1543,1,1,0,0.00010212418300653595
1544,2,3,1,0.0002042483660130719
1546,1,1,0,0.00010212418300653595
1548,1,5,4,0.00010212418300653595
1549,2,2,0,0.0002042483660130719
1551,2,3,1,0.0002042483660130719
1552,3,4,1,0.00030637254901960784
1553,2,2,0,0.0002042483660130719
1554,3,4,1,0.00030637254901960784
1555,3,7,4,0.00030637254901960784
1556,4,4,0,0.0004084967320261438
1557,4,8,4,0.0004084967320261438
1559,1,2,1,0.00010212418300653595
1560,2,3,1,0.0002042483660130719
1561,1,2,1,0.00010212418300653595
1563,3,4,1,0.00030637254901960784
1564,1,1,0,0.00010212418300653595
1565,7,8,1,0.0007148692810457516
1566,3,3,0,0.00030637254901960784
1567,2,2,0,0.0002042483660130719
1568,2,2,0,0.0002042483660130719
1569,3,3,0,0.00030637254901960784
1570,3,3,0,0.00030637254901960784
1571,3,3,0,0.00030637254901960784
1572,3,3,0,0.00030637254901960784
1573,4,4,0,0.0004084967320261438
1574,3,4,1,0.00030637254901960784
1575,2,2,0,0.0002042483660130719
1576,1,1,0,0.00010212418300653595
1577,1,1,0,0.00010212418300653595
1578,4,4,0,0.0004084967320261438
1579,3,3,0,0.00030637254901960784
1580,2,2,0,0.0002042483660130719
1581,3,3,0,0.00030637254901960784
1582,3,3,0,0.00030637254901960784
1583,1,1,0,0.00010212418300653595
1584,3,3,0,0.00030637254901960784
1585,2,2,0,0.0002042483660130719
1586,1,2,1,0.00010212418300653595
1587,2,2,0,0.0002042483660130719
1590,2,2,0,0.0002042483660130719
1591,1,5,4,0.00010212418300653595
1592,3,21,18,0.00030637254901960784
1593,1,5,4,0.00010212418300653595
1594,1,5,4,0.00010212418300653595
1595,3,4,1,0.00030637254901960784
1596,1,2,1,0.00010212418300653595
1597,3,6,3,0.00030637254901960784
1599,2,8,6,0.0002042483660130719
1600,4,12,8,0.0004084967320261438
1601,2,2,0,0.0002042483660130719
1602,3,6,3,0.00030637254901960784
1603,3,5,2,0.00030637254901960784
1604,6,8,2,0.0006127450980392157
1605,7,8,1,0.0007148692810457516
1607,1,9,8,0.00010212418300653595
1608,2,11,9,0.0002042483660130719
1609,1,11,10,0.00010212418300653595
1610,2,11,9,0.0002042483660130719
1611,5,11,6,0.0005106209150326798
1612,2,9,7,0.0002042483660130719
1613,1,11,10,0.00010212418300653595
1614,1,3,2,0.00010212418300653595
1615,2,3,1,0.0002042483660130719
1616,4,5,1,0.0004084967320261438
1617,1,1,0,0.00010212418300653595
1619,1,5,4,0.00010212418300653595
1620,1,5,4,0.00010212418300653595
1621,1,5,4,0.00010212418300653595
1622,2,6,4,0.0002042483660130719
1624,1,3,2,0.00010212418300653595
1626,1,4,3,0.00010212418300653595
1627,1,4,3,0.00010212418300653595
1628,1,2,1,0.00010212418300653595
1630,2,2,0,0.0002042483660130719
1631,5,5,0,0.0005106209150326798
1632,2,2,0,0.0002042483660130719
1633,2,2,0,0.0002042483660130719
1634,2,2,0,0.0002042483660130719
1635,1,1,0,0.00010212418300653595
1636,7,7,0,0.0007148692810457516
1637,8,8,0,0.0008169934640522876
1638,2,2,0,0.0002042483660130719
1639,3,3,0,0.00030637254901960784
1640,1,1,0,0.00010212418300653595
1641,9,9,0,0.0009191176470588235
1642,1,1,0,0.00010212418300653595
1643,1,2,1,0.00010212418300653595
1644,1,1,0,0.00010212418300653595
1645,2,2,0,0.0002042483660130719
1646,4,4,0,0.0004084967320261438
1647,4,4,0,0.0004084967320261438
1648,8,8,0,0.0008169934640522876
1649,4,4,0,0.0004084967320261438
1650,1,1,0,0.00010212418300653595
1652,8,8,0,0.0008169934640522876
1653,2,2,0,0.0002042483660130719
1654,3,4,1,0.00030637254901960784
1655,2,2,0,0.0002042483660130719
1656,7,8,1,0.0007148692810457516
1657,1,1,0,0.00010212418300653595
1658,2,2,0,0.0002042483660130719
1659,2,2,0,0.0002042483660130719
1660,2,2,0,0.0002042483660130719
1661,1,4,3,0.00010212418300653595
1662,1,7,6,0.00010212418300653595
1663,1,7,6,0.00010212418300653595
1665,2,6,4,0.0002042483660130719
1666,1,5,4,0.00010212418300653595
1667,1,2,1,0.00010212418300653595
1668,1,3,2,0.00010212418300653595
1670,2,2,0,0.0002042483660130719
1671,1,5,4,0.00010212418300653595
1672,6,8,2,0.0006127450980392157
1677,3,23,20,0.00030637254901960784
1687,1,17,16,0.00010212418300653595
1689,1,2,1,0.00010212418300653595
1691,2,5,3,0.0002042483660130719
1699,1,3,2,0.00010212418300653595
1700,2,3,1,0.0002042483660130719
1701,1,1,0,0.00010212418300653595
1702,2,2,0,0.0002042483660130719
1703,5,5,0,0.0005106209150326798
1704,9,9,0,0.0009191176470588235
1705,2,2,0,0.0002042483660130719
1706,1,1,0,0.00010212418300653595
1707,4,4,0,0.0004084967320261438
1708,6,6,0,0.0006127450980392157
1709,5,6,1,0.0005106209150326798
1710,4,6,2,0.0004084967320261438
1711,1,1,0,0.00010212418300653595
1712,1,1,0,0.00010212418300653595
1713,2,2,0,0.0002042483660130719
1714,4,5,1,0.0004084967320261438
1715,1,1,0,0.00010212418300653595
1716,6,8,2,0.0006127450980392157
1717,2,2,0,0.0002042483660130719
1718,2,2,0,0.0002042483660130719
1719,8,8,0,0.0008169934640522876
1720,8,8,0,0.0008169934640522876
1721,8,8,0,0.0008169934640522876
1722,8,8,0,0.0008169934640522876
1723,8,8,0,0.0008169934640522876
1724,8,8,0,0.0008169934640522876
1725,3,3,0,0.00030637254901960784
1726,3,3,0,0.00030637254901960784
1727,6,6,0,0.0006127450980392157
1728,3,3,0,0.00030637254901960784
1729,6,6,0,0.0006127450980392157
1730,6,6,0,0.0006127450980392157
1731,6,6,0,0.0006127450980392157
1732,6,6,0,0.0006127450980392157
1733,6,6,0,0.0006127450980392157
1734,6,6,0,0.0006127450980392157
1735,4,4,0,0.0004084967320261438
1736,1,2,1,0.00010212418300653595
1737,2,2,0,0.0002042483660130719
1738,1,3,2,0.00010212418300653595
1739,1,1,0,0.00010212418300653595
1740,1,1,0,0.00010212418300653595
1741,3,5,2,0.00030637254901960784
1742,9,17,8,0.0009191176470588235
1743,1,5,4,0.00010212418300653595
1744,1,3,2,0.00010212418300653595
1745,1,3,2,0.00010212418300653595
1747,1,3,2,0.00010212418300653595
1748,1,3,2,0.00010212418300653595
1750,1,2,1,0.00010212418300653595
1751,6,6,0,0.0006127450980392157
1752,1,1,0,0.00010212418300653595
1753,3,3,0,0.00030637254901960784
1754,7,7,0,0.0007148692810457516
1755,9,9,0,0.0009191176470588235
1756,7,7,0,0.0007148692810457516
1757,5,5,0,0.0005106209150326798
1758,3,3,0,0.00030637254901960784
1760,1,1,0,0.00010212418300653595
1761,1,1,0,0.00010212418300653595
1762,2,2,0,0.0002042483660130719
1763,2,2,0,0.0002042483660130719
1764,5,5,0,0.0005106209150326798
1765,4,4,0,0.0004084967320261438
1766,4,4,0,0.0004084967320261438
1767,3,3,0,0.00030637254901960784
1768,3,3,0,0.00030637254901960784
1769,1,2,1,0.00010212418300653595
1771,3,3,0,0.00030637254901960784
1772,1,1,0,0.00010212418300653595
1773,3,3,0,0.00030637254901960784
1774,6,7,1,0.0006127450980392157
1775,2,2,0,0.0002042483660130719
1776,1,3,2,0.00010212418300653595
1777,1,3,2,0.00010212418300653595
1778,1,6,5,0.00010212418300653595
1780,1,1,0,0.00010212418300653595
1785,2,5,3,0.0002042483660130719
1787,2,2,0,0.0002042483660130719
1788,1,2,1,0.00010212418300653595
1789,2,6,4,0.0002042483660130719
1790,1,6,5,0.00010212418300653595
1792,2,2,0,0.0002042483660130719
1793,1,3,2,0.00010212418300653595
1794,1,2,1,0.00010212418300653595
1795,1,1,0,0.00010212418300653595
1796,4,5,1,0.0004084967320261438
1797,6,6,0,0.0006127450980392157
1799,1,2,1,0.00010212418300653595
1801,2,5,3,0.0002042483660130719
1802,1,3,2,0.00010212418300653595
1803,29,29,0,0.0029616013071895424
1804,5,6,1,0.0005106209150326798
1805,3,3,0,0.00030637254901960784
1806,2,2,0,0.0002042483660130719
1807,4,4,0,0.0004084967320261438
1808,3,3,0,0.00030637254901960784
1809,2,2,0,0.0002042483660130719
1810,1,1,0,0.00010212418300653595
1811,7,10,3,0.0007148692810457516
1812,3,3,0,0.00030637254901960784
1813,1,1,0,0.00010212418300653595
1814,2,2,0,0.0002042483660130719
1815,11,11,0,0.0011233660130718953
1816,6,6,0,0.0006127450980392157
1817,1,1,0,0.00010212418300653595
1818,2,2,0,0.0002042483660130719
1819,3,3,0,0.00030637254901960784
1820,3,3,0,0.00030637254901960784
1821,3,3,0,0.00030637254901960784
1822,1,2,1,0.00010212418300653595
1823,6,6,0,0.0006127450980392157
1824,8,8,0,0.0008169934640522876
1825,6,6,0,0.0006127450980392157
1826,4,4,0,0.0004084967320261438
1827,6,6,0,0.0006127450980392157
1828,4,4,0,0.0004084967320261438
1829,5,5,0,0.0005106209150326798
1830,3,3,0,0.00030637254901960784
1831,2,2,0,0.0002042483660130719
1832,4,4,0,0.0004084967320261438
1833,4,4,0,0.0004084967320261438
1834,4,4,0,0.0004084967320261438
1835,8,8,0,0.0008169934640522876
1836,4,4,0,0.0004084967320261438
1837,1,1,0,0.00010212418300653595
1838,2,2,0,0.0002042483660130719
1839,4,4,0,0.0004084967320261438
1840,4,4,0,0.0004084967320261438
1841,4,4,0,0.0004084967320261438
1842,4,4,0,0.0004084967320261438
1843,1,1,0,0.00010212418300653595
1844,3,3,0,0.00030637254901960784
1845,4,4,0,0.0004084967320261438
1846,3,3,0,0.00030637254901960784
1848,6,6,0,0.0006127450980392157
1850,6,6,0,0.0006127450980392157
1852,1,1,0,0.00010212418300653595
1853,2,3,1,0.0002042483660130719
1854,2,2,0,0.0002042483660130719
1855,2,3,1,0.0002042483660130719
1856,3,3,0,0.00030637254901960784
1857,3,3,0,0.00030637254901960784
1860,2,6,4,0.0002042483660130719
1861,3,6,3,0.00030637254901960784
1862,21,21,0,0.002144607843137255
1863,3,3,0,0.00030637254901960784
1864,2,2,0,0.0002042483660130719
1865,2,2,0,0.0002042483660130719
1866,2,2,0,0.0002042483660130719
1867,2,2,0,0.0002042483660130719
1869,7,7,0,0.0007148692810457516
1870,7,7,0,0.0007148692810457516
1871,4,4,0,0.0004084967320261438
1872,3,4,1,0.00030637254901960784
1873,2,2,0,0.0002042483660130719
1874,2,2,0,0.0002042483660130719
1875,4,5,1,0.0004084967320261438
1876,3,3,0,0.00030637254901960784
1877,3,3,0,0.00030637254901960784
1878,1,2,1,0.00010212418300653595
1880,1,1,0,0.00010212418300653595
1881,13,16,3,0.0013276143790849674
1882,1,1,0,0.00010212418300653595
1883,1,1,0,0.00010212418300653595
1884,1,1,0,0.00010212418300653595
1885,2,2,0,0.0002042483660130719
1886,2,2,0,0.0002042483660130719
1888,1,2,1,0.00010212418300653595
1889,1,3,2,0.00010212418300653595
1891,3,6,3,0.00030637254901960784
1893,1,4,3,0.00010212418300653595
1894,5,8,3,0.0005106209150326798
1895,2,4,2,0.0002042483660130719
1896,1,4,3,0.00010212418300653595
1898,2,4,2,0.0002042483660130719
1899,2,3,1,0.0002042483660130719
1902,1,3,2,0.00010212418300653595
1903,1,3,2,0.00010212418300653595
1904,1,5,4,0.00010212418300653595
1905,1,8,7,0.00010212418300653595
1906,1,1,0,0.00010212418300653595
1907,1,2,1,0.00010212418300653595
1908,3,6,3,0.00030637254901960784
1909,1,3,2,0.00010212418300653595
1912,3,4,1,0.00030637254901960784
1913,1,1,0,0.00010212418300653595
1914,1,3,2,0.00010212418300653595
1915,1,2,1,0.00010212418300653595
1916,2,4,2,0.0002042483660130719
1917,3,3,0,0.00030637254901960784
1918,2,4,2,0.0002042483660130719
1919,7,8,1,0.0007148692810457516
1920,6,8,2,0.0006127450980392157
1921,2,5,3,0.0002042483660130719
1923,2,2,0,0.0002042483660130719
1924,1,2,1,0.00010212418300653595
1925,5,7,2,0.0005106209150326798
1926,3,7,4,0.00030637254901960784
1928,6,15,9,0.0006127450980392157
1931,3,11,8,0.00030637254901960784
1932,3,3,0,0.00030637254901960784
1933,3,3,0,0.00030637254901960784
1934,2,2,0,0.0002042483660130719
1935,3,4,1,0.00030637254901960784
1936,2,2,0,0.0002042483660130719
1937,1,3,2,0.00010212418300653595
1940,1,7,6,0.00010212418300653595
1941,1,7,6,0.00010212418300653595
1943,1,4,3,0.00010212418300653595
1947,1,3,2,0.00010212418300653595
1948,8,8,0,0.0008169934640522876
1949,1,1,0,0.00010212418300653595
1950,2,9,7,0.0002042483660130719
1951,1,1,0,0.00010212418300653595
1955,1,3,2,0.00010212418300653595
1957,1,3,2,0.00010212418300653595
1958,1,1,0,0.00010212418300653595
1959,4,4,0,0.0004084967320261438
1960,2,4,2,0.0002042483660130719
1962,4,9,5,0.0004084967320261438
1963,2,5,3,0.0002042483660130719
1968,1,2,1,0.00010212418300653595
1969,1,1,0,0.00010212418300653595
1970,1,1,0,0.00010212418300653595
1973,3,3,0,0.00030637254901960784
1977,1,2,1,0.00010212418300653595
1978,1,1,0,0.00010212418300653595
1979,3,6,3,0.00030637254901960784
1980,3,5,2,0.00030637254901960784
1981,3,5,2,0.00030637254901960784
1982,1,3,2,0.00010212418300653595
1983,2,2,0,0.0002042483660130719
1985,2,2,0,0.0002042483660130719
1986,2,2,0,0.0002042483660130719
1990,3,6,3,0.00030637254901960784
1991,1,5,4,0.00010212418300653595
1992,1,3,2,0.00010212418300653595
1993,1,5,4,0.00010212418300653595
1994,2,5,3,0.0002042483660130719
1997,2,3,1,0.0002042483660130719
2000,3,3,0,0.00030637254901960784
2002,1,4,3,0.00010212418300653595
2003,3,5,2,0.00030637254901960784
2004,2,3,1,0.0002042483660130719
2005,1,3,2,0.00010212418300653595
2008,2,2,0,0.0002042483660130719
2010,1,2,1,0.00010212418300653595
2011,4,6,2,0.0004084967320261438
2012,7,10,3,0.0007148692810457516
2013,2,5,3,0.0002042483660130719
2014,3,6,3,0.00030637254901960784
2015,2,4,2,0.0002042483660130719
2016,1,4,3,0.00010212418300653595
2019,1,4,3,0.00010212418300653595
2020,3,3,0,0.00030637254901960784
2021,2,2,0,0.0002042483660130719
2022,2,3,1,0.0002042483660130719
2023,3,3,0,0.00030637254901960784
2024,2,3,1,0.0002042483660130719
2025,2,3,1,0.0002042483660130719
2026,1,3,2,0.00010212418300653595
2027,1,2,1,0.00010212418300653595
2028,2,5,3,0.0002042483660130719
2029,1,3,2,0.00010212418300653595
2030,2,2,0,0.0002042483660130719
2031,1,4,3,0.00010212418300653595
2032,1,4,3,0.00010212418300653595
2033,1,1,0,0.00010212418300653595
2034,5,5,0,0.0005106209150326798
2035,3,3,0,0.00030637254901960784
2036,2,3,1,0.0002042483660130719
2037,2,3,1,0.0002042483660130719
2038,3,3,0,0.00030637254901960784
2039,1,5,4,0.00010212418300653595
2042,1,3,2,0.00010212418300653595
2043,1,3,2,0.00010212418300653595
2045,2,2,0,0.0002042483660130719
2048,1,4,3,0.00010212418300653595
2049,1,6,5,0.00010212418300653595
2050,2,5,3,0.0002042483660130719
2051,2,4,2,0.0002042483660130719
2052,1,2,1,0.00010212418300653595
2053,3,3,0,0.00030637254901960784
2054,1,2,1,0.00010212418300653595
2056,2,4,2,0.0002042483660130719
2057,1,5,4,0.00010212418300653595
2058,1,1,0,0.00010212418300653595
2059,6,7,1,0.0006127450980392157
2060,2,2,0,0.0002042483660130719
2061,11,11,0,0.0011233660130718953
2062,1,1,0,0.00010212418300653595
2068,1,1,0,0.00010212418300653595
2069,1,2,1,0.00010212418300653595
2070,7,7,0,0.0007148692810457516
2071,3,3,0,0.00030637254901960784
2072,2,2,0,0.0002042483660130719
2073,5,5,0,0.0005106209150326798
2074,5,5,0,0.0005106209150326798
2075,2,2,0,0.0002042483660130719
2076,1,2,1,0.00010212418300653595
2077,5,5,0,0.0005106209150326798
2078,4,4,0,0.0004084967320261438
2079,4,4,0,0.0004084967320261438
2080,4,4,0,0.0004084967320261438
2081,5,5,0,0.0005106209150326798
2082,4,4,0,0.0004084967320261438
2083,4,4,0,0.0004084967320261438
2084,4,4,0,0.0004084967320261438
2085,3,3,0,0.00030637254901960784
2086,3,4,1,0.00030637254901960784
2087,4,4,0,0.0004084967320261438
2088,3,3,0,0.00030637254901960784
2089,8,8,0,0.0008169934640522876
2090,3,4,1,0.00030637254901960784
2091,3,3,0,0.00030637254901960784
2092,1,1,0,0.00010212418300653595
2093,2,2,0,0.0002042483660130719
2094,2,2,0,0.0002042483660130719
2095,3,3,0,0.00030637254901960784
2096,7,7,0,0.0007148692810457516
2097,24,24,0,0.0024509803921568627
2098,7,7,0,0.0007148692810457516
2099,7,7,0,0.0007148692810457516
2100,7,7,0,0.0007148692810457516
2101,6,6,0,0.0006127450980392157
2102,10,10,0,0.0010212418300653595
2103,11,11,0,0.0011233660130718953
2104,4,4,0,0.0004084967320261438
2105,1,1,0,0.00010212418300653595
2106,1,1,0,0.00010212418300653595
2107,3,3,0,0.00030637254901960784
2108,6,6,0,0.0006127450980392157
2109,3,3,0,0.00030637254901960784
2110,3,3,0,0.00030637254901960784
2111,6,7,1,0.0006127450980392157
2112,4,4,0,0.0004084967320261438
2113,3,3,0,0.00030637254901960784
2114,3,3,0,0.00030637254901960784
2115,3,3,0,0.00030637254901960784
2116,3,5,2,0.00030637254901960784
2117,3,3,0,0.00030637254901960784
2118,4,4,0,0.0004084967320261438
2119,1,1,0,0.00010212418300653595
2122,2,3,1,0.0002042483660130719
2123,10,10,0,0.0010212418300653595
2124,10,10,0,0.0010212418300653595
2125,10,10,0,0.0010212418300653595
2126,10,10,0,0.0010212418300653595
2127,10,10,0,0.0010212418300653595
2128,10,10,0,0.0010212418300653595
2129,10,10,0,0.0010212418300653595
2130,10,10,0,0.0010212418300653595
2131,10,15,5,0.0010212418300653595
2132,9,10,1,0.0009191176470588235
2133,3,3,0,0.00030637254901960784
2134,2,2,0,0.0002042483660130719
2135,5,5,0,0.0005106209150326798
2136,3,3,0,0.00030637254901960784
2137,2,5,3,0.0002042483660130719
2138,4,4,0,0.0004084967320261438
2139,1,1,0,0.00010212418300653595
2140,2,2,0,0.0002042483660130719
2141,1,1,0,0.00010212418300653595
2142,2,2,0,0.0002042483660130719
2144,3,3,0,0.00030637254901960784
2145,2,2,0,0.0002042483660130719
2146,4,4,0,0.0004084967320261438
2147,1,1,0,0.00010212418300653595
2148,2,3,1,0.0002042483660130719
2149,2,2,0,0.0002042483660130719
2150,4,4,0,0.0004084967320261438
2151,3,3,0,0.00030637254901960784
2152,3,3,0,0.00030637254901960784
2153,3,3,0,0.00030637254901960784
2154,3,3,0,0.00030637254901960784
2155,5,5,0,0.0005106209150326798
2156,5,5,0,0.0005106209150326798
2157,4,4,0,0.0004084967320261438
2158,2,2,0,0.0002042483660130719
2159,2,2,0,0.0002042483660130719
2160,4,5,1,0.0004084967320261438
2161,6,6,0,0.0006127450980392157
2162,4,4,0,0.0004084967320261438
2163,5,5,0,0.0005106209150326798
2164,3,3,0,0.00030637254901960784
2165,2,2,0,0.0002042483660130719
2166,2,2,0,0.0002042483660130719
2167,2,2,0,0.0002042483660130719
2168,2,2,0,0.0002042483660130719
2169,11,11,0,0.0011233660130718953
2170,2,2,0,0.0002042483660130719
2171,3,3,0,0.00030637254901960784
2172,4,4,0,0.0004084967320261438
2173,13,13,0,0.0013276143790849674
2174,4,4,0,0.0004084967320261438
2175,3,4,1,0.00030637254901960784
2176,2,2,0,0.0002042483660130719
2177,1,1,0,0.00010212418300653595
2178,1,3,2,0.00010212418300653595
2179,5,5,0,0.0005106209150326798
2180,2,2,0,0.0002042483660130719
2181,1,1,0,0.00010212418300653595
2182,1,1,0,0.00010212418300653595
2184,1,1,0,0.00010212418300653595
2185,2,2,0,0.0002042483660130719
2186,2,3,1,0.0002042483660130719
2187,3,6,3,0.00030637254901960784
2189,2,5,3,0.0002042483660130719
2190,4,7,3,0.0004084967320261438
2191,3,3,0,0.00030637254901960784
2193,6,6,0,0.0006127450980392157
2196,1,2,1,0.00010212418300653595
2197,1,6,5,0.00010212418300653595
2198,1,1,0,0.00010212418300653595
2201,2,2,0,0.0002042483660130719
2208,1,2,1,0.00010212418300653595
2209,1,5,4,0.00010212418300653595
2211,2,5,3,0.0002042483660130719
2212,1,2,1,0.00010212418300653595
2214,1,2,1,0.00010212418300653595
2215,1,7,6,0.00010212418300653595
2216,1,7,6,0.00010212418300653595
2217,4,5,1,0.0004084967320261438
2224,5,5,0,0.0005106209150326798
2225,1,3,2,0.00010212418300653595
2226,6,8,2,0.0006127450980392157
2227,1,1,0,0.00010212418300653595
2228,6,7,1,0.0006127450980392157
2229,1,8,7,0.00010212418300653595
2231,1,3,2,0.00010212418300653595
2234,1,9,8,0.00010212418300653595
2235,1,4,3,0.00010212418300653595
2236,1,2,1,0.00010212418300653595
2237,1,2,1,0.00010212418300653595
2244,1,2,1,0.00010212418300653595
2245,1,2,1,0.00010212418300653595
2246,2,2,0,0.0002042483660130719
2247,1,1,0,0.00010212418300653595
2248,3,3,0,0.00030637254901960784
2249,1,1,0,0.00010212418300653595
2250,3,3,0,0.00030637254901960784
2251,4,5,1,0.0004084967320261438
2252,2,2,0,0.0002042483660130719
2253,3,3,0,0.00030637254901960784
2254,5,5,0,0.0005106209150326798
2255,5,5,0,0.0005106209150326798
2256,1,1,0,0.00010212418300653595
2257,1,1,0,0.00010212418300653595
2258,5,5,0,0.0005106209150326798
2259,3,5,2,0.00030637254901960784
2260,4,5,1,0.0004084967320261438
2261,1,1,0,0.00010212418300653595
2262,3,3,0,0.00030637254901960784
2263,4,4,0,0.0004084967320261438
2264,1,2,1,0.00010212418300653595
2265,6,6,0,0.0006127450980392157
2266,6,6,0,0.0006127450980392157
2267,6,6,0,0.0006127450980392157
2268,6,6,0,0.0006127450980392157
2269,6,6,0,0.0006127450980392157
2271,1,6,5,0.00010212418300653595
2272,10,11,1,0.0010212418300653595
2273,2,2,0,0.0002042483660130719
2274,3,4,1,0.00030637254901960784
2275,9,9,0,0.0009191176470588235
2276,1,1,0,0.00010212418300653595
2277,3,3,0,0.00030637254901960784
2278,3,3,0,0.00030637254901960784
2279,11,11,0,0.0011233660130718953
2280,4,4,0,0.0004084967320261438
2281,16,16,0,0.0016339869281045752
2282,1,2,1,0.00010212418300653595
2283,4,4,0,0.0004084967320261438
2284,3,3,0,0.00030637254901960784
2285,2,2,0,0.0002042483660130719
2286,3,3,0,0.00030637254901960784
2287,2,2,0,0.0002042483660130719
2288,1,2,1,0.00010212418300653595
2291,1,3,2,0.00010212418300653595
2302,1,4,3,0.00010212418300653595
2303,1,5,4,0.00010212418300653595
2304,1,1,0,0.00010212418300653595
2305,4,5,1,0.0004084967320261438
2306,1,2,1,0.00010212418300653595
2307,1,1,0,0.00010212418300653595
2309,1,1,0,0.00010212418300653595
2312,3,3,0,0.00030637254901960784
2313,4,4,0,0.0004084967320261438
2314,1,2,1,0.00010212418300653595
2316,2,4,2,0.0002042483660130719
2317,1,2,1,0.00010212418300653595
2318,1,2,1,0.00010212418300653595
2321,1,1,0,0.00010212418300653595
2323,2,2,0,0.0002042483660130719
2324,4,6,2,0.0004084967320261438
2325,3,3,0,0.00030637254901960784
2326,1,1,0,0.00010212418300653595
2327,2,4,2,0.0002042483660130719
2328,4,4,0,0.0004084967320261438
2329,3,4,1,0.00030637254901960784
2330,2,4,2,0.0002042483660130719
2331,3,3,0,0.00030637254901960784
2332,11,11,0,0.0011233660130718953
2333,2,2,0,0.0002042483660130719
2334,4,4,0,0.0004084967320261438
2335,2,3,1,0.0002042483660130719
2336,6,6,0,0.0006127450980392157
2337,2,2,0,0.0002042483660130719
2338,1,1,0,0.00010212418300653595
2339,4,4,0,0.0004084967320261438
2340,4,4,0,0.0004084967320261438
2341,4,4,0,0.0004084967320261438
2342,4,4,0,0.0004084967320261438
2343,4,4,0,0.0004084967320261438
2344,3,4,1,0.00030637254901960784
2345,3,3,0,0.00030637254901960784
2346,2,2,0,0.0002042483660130719
2347,4,4,0,0.0004084967320261438
2348,4,4,0,0.0004084967320261438
2349,2,2,0,0.0002042483660130719
2350,2,3,1,0.0002042483660130719
2351,1,1,0,0.00010212418300653595
2352,4,4,0,0.0004084967320261438
2353,3,3,0,0.00030637254901960784
2354,3,3,0,0.00030637254901960784
2355,7,7,0,0.0007148692810457516
2356,4,4,0,0.0004084967320261438
2357,14,14,0,0.0014297385620915032
2358,2,2,0,0.0002042483660130719
2359,2,2,0,0.0002042483660130719
2360,2,2,0,0.0002042483660130719
2361,1,1,0,0.00010212418300653595
2362,1,1,0,0.00010212418300653595
2363,13,13,0,0.0013276143790849674
2368,1,1,0,0.00010212418300653595
2369,6,6,0,0.0006127450980392157
2370,5,5,0,0.0005106209150326798
2371,11,11,0,0.0011233660130718953
2372,3,3,0,0.00030637254901960784
2373,3,3,0,0.00030637254901960784
2374,2,2,0,0.0002042483660130719
2375,2,2,0,0.0002042483660130719
2376,2,2,0,0.0002042483660130719
2377,2,2,0,0.0002042483660130719
2378,3,3,0,0.00030637254901960784
2379,3,3,0,0.00030637254901960784
2380,2,2,0,0.0002042483660130719
2381,1,1,0,0.00010212418300653595
2382,7,7,0,0.0007148692810457516
2383,2,2,0,0.0002042483660130719
2384,3,3,0,0.00030637254901960784
2385,3,3,0,0.00030637254901960784
2386,3,3,0,0.00030637254901960784
2387,2,2,0,0.0002042483660130719
2388,3,3,0,0.00030637254901960784
2389,4,4,0,0.0004084967320261438
2390,4,4,0,0.0004084967320261438
2391,6,6,0,0.0006127450980392157
2392,2,2,0,0.0002042483660130719
2393,2,2,0,0.0002042483660130719
2394,1,1,0,0.00010212418300653595
2395,2,2,0,0.0002042483660130719
2397,2,2,0,0.0002042483660130719
2398,4,4,0,0.0004084967320261438
2399,3,3,0,0.00030637254901960784
2400,9,9,0,0.0009191176470588235
2401,6,6,0,0.0006127450980392157
2402,10,10,0,0.0010212418300653595
2403,9,9,0,0.0009191176470588235
2404,9,9,0,0.0009191176470588235
2406,1,1,0,0.00010212418300653595
2407,3,3,0,0.00030637254901960784
2408,3,3,0,0.00030637254901960784
2409,2,2,0,0.0002042483660130719
2410,1,1,0,0.00010212418300653595
2411,1,2,1,0.00010212418300653595
2412,1,1,0,0.00010212418300653595
2413,2,2,0,0.0002042483660130719
2414,2,2,0,0.0002042483660130719
2415,3,3,0,0.00030637254901960784
2416,3,3,0,0.00030637254901960784
2417,1,1,0,0.00010212418300653595
2418,2,2,0,0.0002042483660130719
2419,1,3,2,0.00010212418300653595
2420,1,1,0,0.00010212418300653595
2423,3,3,0,0.00030637254901960784
2424,4,4,0,0.0004084967320261438
2425,1,1,0,0.00010212418300653595
2427,1,3,2,0.00010212418300653595
2428,1,2,1,0.00010212418300653595
2430,3,3,0,0.00030637254901960784
2432,3,3,0,0.00030637254901960784
2433,2,3,1,0.0002042483660130719
2434,2,3,1,0.0002042483660130719
2435,1,3,2,0.00010212418300653595
2436,3,3,0,0.00030637254901960784
2437,1,3,2,0.00010212418300653595
2438,1,3,2,0.00010212418300653595
2439,2,2,0,0.0002042483660130719
2440,1,2,1,0.00010212418300653595
2441,2,2,0,0.0002042483660130719
2442,3,3,0,0.00030637254901960784
2443,3,3,0,0.00030637254901960784
2444,3,3,0,0.00030637254901960784
2445,2,2,0,0.0002042483660130719
2446,4,4,0,0.0004084967320261438
2447,3,3,0,0.00030637254901960784
2448,7,7,0,0.0007148692810457516
2449,4,4,0,0.0004084967320261438
2450,8,8,0,0.0008169934640522876
2451,8,8,0,0.0008169934640522876
2452,8,8,0,0.0008169934640522876
2453,1,1,0,0.00010212418300653595
2454,1,1,0,0.00010212418300653595
2455,1,1,0,0.00010212418300653595
2456,6,6,0,0.0006127450980392157
2457,2,2,0,0.0002042483660130719
2458,4,4,0,0.0004084967320261438
2459,2,3,1,0.0002042483660130719
2460,3,3,0,0.00030637254901960784
2461,7,7,0,0.0007148692810457516
2462,2,3,1,0.0002042483660130719
2463,3,3,0,0.00030637254901960784
2464,3,3,0,0.00030637254901960784
2465,5,5,0,0.0005106209150326798
2466,4,4,0,0.0004084967320261438
2467,2,2,0,0.0002042483660130719
2468,2,2,0,0.0002042483660130719
2469,3,3,0,0.00030637254901960784
2470,2,2,0,0.0002042483660130719
2471,4,4,0,0.0004084967320261438
2472,2,2,0,0.0002042483660130719
2473,7,7,0,0.0007148692810457516
2474,3,3,0,0.00030637254901960784
2475,2,2,0,0.0002042483660130719
2476,2,2,0,0.0002042483660130719
2477,5,5,0,0.0005106209150326798
2478,4,5,1,0.0004084967320261438
2479,2,2,0,0.0002042483660130719
2480,1,1,0,0.00010212418300653595
2481,1,1,0,0.00010212418300653595
2482,1,1,0,0.00010212418300653595
2483,3,3,0,0.00030637254901960784
2484,3,3,0,0.00030637254901960784
2485,2,2,0,0.0002042483660130719
2486,2,2,0,0.0002042483660130719
2487,4,4,0,0.0004084967320261438
2488,6,6,0,0.0006127450980392157
2489,4,4,0,0.0004084967320261438
2490,2,2,0,0.0002042483660130719
2491,2,5,3,0.0002042483660130719
2492,2,3,1,0.0002042483660130719
2493,2,2,0,0.0002042483660130719
2494,4,4,0,0.0004084967320261438
2495,11,11,0,0.0011233660130718953
2496,11,11,0,0.0011233660130718953
2497,11,11,0,0.0011233660130718953
2498,12,12,0,0.0012254901960784314
2499,11,11,0,0.0011233660130718953
2500,11,11,0,0.0011233660130718953
2501,11,11,0,0.0011233660130718953
2502,2,2,0,0.0002042483660130719
2503,2,2,0,0.0002042483660130719
2504,2,2,0,0.0002042483660130719
2505,1,2,1,0.00010212418300653595
2506,2,2,0,0.0002042483660130719
2507,2,2,0,0.0002042483660130719
2508,2,2,0,0.0002042483660130719
2509,4,4,0,0.0004084967320261438
2510,4,4,0,0.0004084967320261438
2512,5,7,2,0.0005106209150326798
2513,3,3,0,0.00030637254901960784
2514,1,1,0,0.00010212418300653595
2515,1,2,1,0.00010212418300653595
2516,1,2,1,0.00010212418300653595
2517,5,7,2,0.0005106209150326798
2518,2,2,0,0.0002042483660130719
2519,1,1,0,0.00010212418300653595
2520,1,1,0,0.00010212418300653595
2521,2,3,1,0.0002042483660130719
2522,4,4,0,0.0004084967320261438
2523,1,1,0,0.00010212418300653595
2524,2,2,0,0.0002042483660130719
2525,1,1,0,0.00010212418300653595
2526,1,2,1,0.00010212418300653595
2528,5,8,3,0.0005106209150326798
2529,8,8,0,0.0008169934640522876
2530,6,8,2,0.0006127450980392157
2531,5,8,3,0.0005106209150326798
2532,5,8,3,0.0005106209150326798
2533,1,2,1,0.00010212418300653595
2534,1,1,0,0.00010212418300653595
2535,1,1,0,0.00010212418300653595
2536,3,3,0,0.00030637254901960784
2537,2,2,0,0.0002042483660130719
2538,2,2,0,0.0002042483660130719
2539,2,2,0,0.0002042483660130719
2540,6,6,0,0.0006127450980392157
2541,1,1,0,0.00010212418300653595
2542,1,1,0,0.00010212418300653595
2543,3,3,0,0.00030637254901960784
2544,1,1,0,0.00010212418300653595
2545,2,2,0,0.0002042483660130719
2546,1,1,0,0.00010212418300653595
2547,2,2,0,0.0002042483660130719
2548,3,3,0,0.00030637254901960784
2549,1,1,0,0.00010212418300653595
2550,7,7,0,0.0007148692810457516
2551,1,1,0,0.00010212418300653595
2552,2,2,0,0.0002042483660130719
2553,4,4,0,0.0004084967320261438
2554,4,4,0,0.0004084967320261438
2555,2,2,0,0.0002042483660130719
2556,5,5,0,0.0005106209150326798
2557,5,5,0,0.0005106209150326798
2558,2,2,0,0.0002042483660130719
2559,7,7,0,0.0007148692810457516
2560,1,1,0,0.00010212418300653595
2561,1,2,1,0.00010212418300653595
2563,2,2,0,0.0002042483660130719
2564,2,2,0,0.0002042483660130719
2565,3,3,0,0.00030637254901960784
2566,3,3,0,0.00030637254901960784
2567,7,7,0,0.0007148692810457516
2568,7,7,0,0.0007148692810457516
2569,2,2,0,0.0002042483660130719
2570,4,4,0,0.0004084967320261438
2571,5,5,0,0.0005106209150326798
2572,2,2,0,0.0002042483660130719
2573,2,2,0,0.0002042483660130719
2574,3,3,0,0.00030637254901960784
2575,3,3,0,0.00030637254901960784
2576,3,3,0,0.00030637254901960784
2577,1,1,0,0.00010212418300653595
2578,1,1,0,0.00010212418300653595
2579,3,3,0,0.00030637254901960784
2580,2,2,0,0.0002042483660130719
2581,2,2,0,0.0002042483660130719
2582,2,2,0,0.0002042483660130719
2583,1,1,0,0.00010212418300653595
2584,2,2,0,0.0002042483660130719
2585,3,3,0,0.00030637254901960784
2586,1,1,0,0.00010212418300653595
2587,2,2,0,0.0002042483660130719
2588,3,4,1,0.00030637254901960784
2589,2,2,0,0.0002042483660130719
2590,1,1,0,0.00010212418300653595
2591,4,4,0,0.0004084967320261438
2592,3,3,0,0.00030637254901960784
2593,4,4,0,0.0004084967320261438
2594,1,1,0,0.00010212418300653595
2595,5,5,0,0.0005106209150326798
2596,4,5,1,0.0004084967320261438
2597,2,3,1,0.0002042483660130719
2599,3,3,0,0.00030637254901960784
2600,1,2,1,0.00010212418300653595
2601,2,2,0,0.0002042483660130719
2602,2,2,0,0.0002042483660130719
2603,3,3,0,0.00030637254901960784
2605,2,2,0,0.0002042483660130719
2606,3,3,0,0.00030637254901960784
2607,1,1,0,0.00010212418300653595
2608,3,3,0,0.00030637254901960784
2609,3,3,0,0.00030637254901960784
2610,1,1,0,0.00010212418300653595
2611,2,2,0,0.0002042483660130719
2612,3,3,0,0.00030637254901960784
2613,1,1,0,0.00010212418300653595
2614,2,3,1,0.0002042483660130719
2615,2,3,1,0.0002042483660130719
2616,3,3,0,0.00030637254901960784
2617,4,4,0,0.0004084967320261438
2618,4,4,0,0.0004084967320261438
2620,1,2,1,0.00010212418300653595
2621,1,2,1,0.00010212418300653595
2622,1,1,0,0.00010212418300653595
2623,1,3,2,0.00010212418300653595
2624,3,4,1,0.00030637254901960784
2625,1,4,3,0.00010212418300653595
2626,2,4,2,0.0002042483660130719
2627,2,3,1,0.0002042483660130719
2629,1,2,1,0.00010212418300653595
2630,1,1,0,0.00010212418300653595
2631,1,1,0,0.00010212418300653595
2632,2,2,0,0.0002042483660130719
2633,1,1,0,0.00010212418300653595
2634,1,1,0,0.00010212418300653595
2635,5,5,0,0.0005106209150326798
2636,4,5,1,0.0004084967320261438
2637,4,5,1,0.0004084967320261438
2638,2,2,0,0.0002042483660130719
2639,2,2,0,0.0002042483660130719
2640,1,2,1,0.00010212418300653595
2641,3,3,0,0.00030637254901960784
2643,1,1,0,0.00010212418300653595
2644,1,1,0,0.00010212418300653595
2645,2,9,7,0.0002042483660130719
2646,1,2,1,0.00010212418300653595
2647,2,2,0,0.0002042483660130719
2648,2,2,0,0.0002042483660130719
2649,1,4,3,0.00010212418300653595
2650,1,4,3,0.00010212418300653595
2651,2,2,0,0.0002042483660130719
2652,1,2,1,0.00010212418300653595
2654,1,6,5,0.00010212418300653595
2657,1,6,5,0.00010212418300653595
2658,1,1,0,0.00010212418300653595
2659,4,4,0,0.0004084967320261438
2660,1,1,0,0.00010212418300653595
2661,1,1,0,0.00010212418300653595
2662,2,2,0,0.0002042483660130719
2663,5,5,0,0.0005106209150326798
2664,5,5,0,0.0005106209150326798
2665,3,3,0,0.00030637254901960784
2666,2,2,0,0.0002042483660130719
2667,2,2,0,0.0002042483660130719
2668,3,3,0,0.00030637254901960784
2669,3,3,0,0.00030637254901960784
2670,1,1,0,0.00010212418300653595
2671,2,2,0,0.0002042483660130719
2672,2,2,0,0.0002042483660130719
2673,4,4,0,0.0004084967320261438
2674,2,2,0,0.0002042483660130719
2675,5,5,0,0.0005106209150326798
2676,3,3,0,0.00030637254901960784
2677,3,3,0,0.00030637254901960784
2678,3,3,0,0.00030637254901960784
2679,3,3,0,0.00030637254901960784
2680,4,4,0,0.0004084967320261438
2681,5,5,0,0.0005106209150326798
2682,2,2,0,0.0002042483660130719
2683,1,2,1,0.00010212418300653595
2684,2,2,0,0.0002042483660130719
2685,3,3,0,0.00030637254901960784
2686,1,1,0,0.00010212418300653595
2687,2,2,0,0.0002042483660130719
2688,5,5,0,0.0005106209150326798
2689,3,3,0,0.00030637254901960784
2690,1,1,0,0.00010212418300653595
2691,3,3,0,0.00030637254901960784
2692,3,3,0,0.00030637254901960784
2693,1,1,0,0.00010212418300653595
2694,2,3,1,0.0002042483660130719
2695,4,4,0,0.0004084967320261438
2696,4,4,0,0.0004084967320261438
2697,1,1,0,0.00010212418300653595
2698,4,4,0,0.0004084967320261438
2699,1,1,0,0.00010212418300653595
2700,1,1,0,0.00010212418300653595
2701,2,2,0,0.0002042483660130719
2702,3,3,0,0.00030637254901960784
2703,3,3,0,0.00030637254901960784
2704,2,2,0,0.0002042483660130719
2705,6,6,0,0.0006127450980392157
2706,3,3,0,0.00030637254901960784
2707,2,2,0,0.0002042483660130719
2708,3,3,0,0.00030637254901960784
2709,3,3,0,0.00030637254901960784
2710,1,1,0,0.00010212418300653595
2711,3,3,0,0.00030637254901960784
2712,1,1,0,0.00010212418300653595
2713,2,2,0,0.0002042483660130719
2714,2,2,0,0.0002042483660130719
2715,2,2,0,0.0002042483660130719
2716,2,2,0,0.0002042483660130719
2717,5,5,0,0.0005106209150326798
2718,2,2,0,0.0002042483660130719
2720,1,1,0,0.00010212418300653595
2723,1,1,0,0.00010212418300653595
2724,4,4,0,0.0004084967320261438
2725,3,3,0,0.00030637254901960784
2726,1,1,0,0.00010212418300653595
2730,1,1,0,0.00010212418300653595
2731,1,1,0,0.00010212418300653595
2732,5,5,0,0.0005106209150326798
2733,1,1,0,0.00010212418300653595
2734,1,1,0,0.00010212418300653595
2735,4,4,0,0.0004084967320261438
2736,4,4,0,0.0004084967320261438
2737,1,1,0,0.00010212418300653595
2738,3,3,0,0.00030637254901960784
2739,2,2,0,0.0002042483660130719
2740,1,2,1,0.00010212418300653595
2741,1,1,0,0.00010212418300653595
2743,2,2,0,0.0002042483660130719
2744,3,3,0,0.00030637254901960784
2745,3,3,0,0.00030637254901960784
